0.30625,-0.0052442,0.19106,0.26301,0.0655,0.22101,0.2008,0.084567,0.29428
0.25126,0.054015,0.14682,0.12453,0.11175,0.12818,0.078722,0.42254,0.10995
0.26498,0.087641,0.024369,0.15525,0.074632,0.17189,0.09951,0.09698,0.2732
0.23202,0.059899,0.042152,0.12714,0.092998,0.19896,0.25961,0.25039,0.22345
0.43653,0.040501,0.23595,0.15529,0.42228,0.22195,0.23996,0.2671,0.38729
0.2509,0.095385,0.039954,0.22635,0.15542,0.19142,0.10633,0.093016,0.11227
0.31957,0.072701,0.011938,0.1169,0.14845,0.16069,0.29191,0.32381,0.23557
0.16631,0.019814,0.069506,0.14995,0.20431,0.16436,0.18844,0.21261,0.20738
0.37162,0.1052,0.036565,0.19023,0.17441,0.19451,0.15234,0.25768,0.37973
0.31516,0.0409,0.095278,0.03495,0.063889,0.16845,0.10715,0.009557,0.17523
0.2325,0.055552,0.072567,0.23731,0.3023,0.25752,0.30948,0.31235,0.29022
0.08708,0.079005,0.091877,0.18184,0.18233,0.041357,0.23162,0.25845,0.35817
0.10415,0.03954,0.058276,0.16636,0.23555,0.13435,0.11503,0.26573,0.085605
0.38485,0.091767,0.021969,0.065772,0.038847,0.16208,0.32541,0.21827,0.19751
0.26083,0.090952,0.042338,0.024047,0.057271,0.027622,0.034401,0.14204,0.32202
0.19826,0.05402,0.025089,0.037879,0.1579,0.098606,0.10052,0.37,0.18685
0.21761,0.017645,0.11855,0.1413,0.096687,0.14018,0.1571,0.24369,0.56913
0.31927,0.17998,0.073748,0.22077,0.24795,0.38933,0.15004,0.27761,0.34708
0.21012,0.132,0.023083,0.15357,0.26283,0.10069,0.09758,0.30379,0.12105
0.29503,0.0011859,0.075851,0.070248,0.12872,0.13299,0.13383,0.34029,0.18126
0.2494,0.059316,0.099854,0.14969,0.091839,0.24586,0.37077,0.24551,0.01059
0.29029,0.053313,0.12582,0.14568,0.24025,0.076344,0.40226,0.30027,0.24974
0.15883,0.12107,0.047212,0.19346,0.16314,0.19068,0.066728,0.16796,0.22169
0.2727,0.053559,0.042615,0.030159,0.099244,0.21771,0.18663,0.18528,0.18907
0.20396,0.036841,0.14216,0.23647,0.0487,0.23944,0.32945,0.23588,0.39667
0.25814,0.0816,0.014872,0.19654,0.10453,0.18238,0.16129,0.21232,0.34701
0.3274,0.046094,0.072044,0.19146,0.08936,0.079105,0.23375,0.15339,0.082064
0.15491,0.094708,0.19206,0.19687,0.11674,0.036066,0.21199,0.30473,0.19698
0.25008,0.054501,0.1186,0.13901,0.092701,0.22294,0.14173,0.21725,0.38957
0.25856,0.10336,0.16082,0.19457,0.23606,0.18217,0.19898,0.053776,0.14296
0.39538,0.081981,0.12635,0.1342,0.089377,0.1238,0.31529,0.35405,0.41846
0.1246,0.018143,0.058261,0.10679,0.15929,0.13672,0.32814,0.25573,0.099657
0.38449,0.090298,0.082839,0.093121,0.23063,0.10232,0.013474,0.19933,0.22662
0.35481,0.042378,0.056334,0.11342,0.19743,0.19319,0.30732,0.15191,0.28961
0.34983,0.08421,0.024848,0.083019,0.0051924,0.16268,0.22814,0.36635,0.29376
0.20033,0.047166,0.1078,0.18356,0.12542,0.21649,0.1973,0.27027,0.32171
0.16109,0.096236,0.13543,0.063826,0.089401,0.083436,0.26264,0.28007,0.29819
0.30177,0.055412,0.13181,-0.045513,0.14758,0.21732,0.063955,0.25374,0.34967
0.36504,0.003499,0.13261,0.1918,0.18423,0.13607,0.24568,0.11035,0.13404
0.34086,0.010981,0.071325,0.13463,0.081391,0.27717,0.3476,0.37434,0.43352
0.31099,0.063314,0.11468,0.12074,0.17427,0.091748,0.078177,0.13976,0.066099
0.26988,0.072176,0.11166,0.21268,0.15567,0.13639,0.12074,0.33677,0.31865
0.16655,0.1131,0.11492,0.12594,0.16522,0.23472,0.20521,0.038437,0.16278
0.51763,0.067522,0.16504,0.090799,0.14353,0.039603,0.22217,0.25193,0.071373
0.094222,0.05984,0.04598,0.10751,0.16486,0.24556,0.37213,0.33062,0.19904
0.34493,0.042972,0.029711,0.16348,0.10955,0.34831,0.19417,0.32843,0.23899
0.38834,0.083397,0.076448,0.020406,0.026716,0.15107,0.27596,0.41646,0.16526
0.15576,0.024794,0.06478,0.11877,0.079775,0.02675,0.14457,0.16395,0.11475
0.2084,0.057918,0.074836,0.11441,0.016413,0.18725,0.19485,-0.014072,0.14752
0.28845,-0.0021349,0.14431,0.027546,0.22828,0.31277,0.21641,0.20655,0.3857
0.12053,0.065209,0.11918,0.067523,0.10602,0.18359,0.10074,0.17796,0.18059
0.24921,0.054198,0.14436,0.15927,0.17272,0.32803,0.25378,0.07904,0.59127
0.26832,-0.027803,0.13523,0.11224,0.21883,0.14673,0.21413,0.14021,0.29025
0.14711,0.05562,0.049068,0.096781,0.11507,0.29113,0.23504,0.29018,0.20407
0.24454,0.20069,0.04006,0.037832,0.085438,0.083929,0.21192,0.22503,0.184
0.13979,0.092503,0.091535,0.18427,0.18249,0.10701,0.19495,0.15265,0.14899
0.32561,0.072865,0.16532,0.20445,0.12572,0.16785,0.24549,0.1527,0.18626
0.4206,0.15827,0.082823,0.19247,0.17714,0.28207,0.12042,0.18522,0.27821
0.24524,0.052677,0.080961,0.2085,0.10832,0.023886,0.23198,0.1777,0.089075
0.34214,0.084828,0.16179,0.082839,0.27026,0.23757,0.37458,0.14655,0.26535
0.19827,0.029335,0.030192,0.23594,0.14289,0.23775,0.30141,0.41327,0.28221
0.23925,0.048784,0.12706,0.21823,0.069979,0.12624,0.18152,0.22581,0.21881
0.20901,0.08349,0.13894,0.066981,0.11777,0.28549,0.15411,0.21913,0.43096
0.33076,0.033721,0.004194,0.11985,0.17052,0.23839,0.14648,0.28597,0.46362
0.14756,0.020649,0.093273,0.21045,0.10031,0.1687,0.2648,0.23903,0.2002
0.29211,0.070175,0.071687,0.17062,0.14761,0.44061,0.218,0.14503,0.23907
0.16328,0.045759,0.045352,0.13356,0.24659,0.31844,0.281,0.17496,0.18694
0.24736,0.035546,0.066632,0.1259,0.069233,0.24496,0.1636,0.33246,0.34096
0.26304,0.029641,0.085343,0.1702,0.18724,0.20066,0.22868,0.14831,0.24852
0.22808,0.012809,0.083277,0.14187,0.071303,0.2665,0.20967,0.074853,0.23385
0.24674,0.01393,0.077998,-0.011004,0.19994,0.17931,0.33284,0.22827,0.28878
0.39304,0.051465,0.11693,0.0075248,0.11947,0.32281,0.13037,0.18585,0.21552
0.41615,0.10344,0.14378,0.060575,0.19846,0.1192,0.25409,0.27114,0.3704
0.18538,0.053004,0.083731,0.17911,0.14626,0.071441,0.065261,0.28821,0.3365
0.29678,0.090014,0.12095,0.089838,0.24925,0.32001,0.13575,0.12034,0.40862
0.45478,0.054532,-0.0088772,0.060283,0.15046,0.18468,0.19244,0.24948,0.13198
0.29333,0.026289,0.048398,0.080956,0.11827,0.043147,0.23489,0.23241,0.38967
0.36114,0.046901,0.10396,0.2663,0.084713,0.35138,0.20254,0.34114,0.27802
0.18207,0.0012667,0.04283,0.20393,0.087118,0.15576,0.2176,0.070927,0.24212
0.18543,0.02984,0.21373,0.12165,0.18376,0.15592,0.17078,0.26167,0.24892
0.099042,0.053909,0.10089,0.15585,0.10639,0.23012,0.097222,0.11105,0.12186
0.062362,0.066203,0.14128,0.17256,0.15903,0.24041,0.19915,0.28406,0.24094
0.22838,0.037221,-0.0031139,0.11592,0.089361,0.31041,0.349,0.34155,0.28043
0.24941,0.1014,0.10872,0.18981,0.15968,0.1097,0.21737,0.27767,0.23375
0.30452,0.031908,0.1307,0.15179,0.1538,0.17882,0.17087,0.32104,0.14377
0.25215,0.04639,0.096875,0.04253,0.16186,0.072698,0.12292,0.097436,0.22064
0.19222,0.043858,0.1748,0.15049,0.037535,0.25087,0.27347,0.32657,0.28169
0.1944,0.036838,0.10318,0.038393,0.11189,0.1376,0.27893,0.2798,0.30448
0.1835,0.019643,0.076955,0.063704,0.23292,0.15322,0.50527,0.22317,-0.012509
0.55331,0.090468,0.020756,0.17569,0.23529,0.13309,0.34892,0.28447,0.42288
0.37131,0.054116,0.14637,0.12724,0.19419,0.18197,0.097495,0.29721,0.22456
0.12588,0.058206,0.042342,0.16787,0.092971,0.29621,0.087682,0.098287,0.12541
0.22187,-0.0071096,0.11871,0.0998,0.10814,0.050273,0.18121,0.2033,0.14108
0.3033,0.036837,0.1402,0.23714,0.16295,0.099751,0.29057,0.12334,0.32473
0.20667,0.075732,0.21719,0.24632,0.04525,0.16936,0.15414,0.11595,0.075651
0.35993,0.037364,0.04163,0.10067,0.093588,0.20823,0.39167,0.27758,0.12625
0.26024,0.082418,0.070442,0.14857,0.25185,0.17315,0.27016,0.08341,0.15087
0.28986,0.013709,0.089198,0.1117,0.16881,0.18383,0.21317,0.19513,0.26013
0.28521,0.087165,0.1717,0.11241,0.10988,0.090607,0.23232,0.080162,0.27633
0.26917,0.033199,0.17104,0.19119,0.13675,0.13036,0.18988,0.32449,0.17553
