0.31897,0.18789,0.22945,0.39539,0.57915,0.73777,0.45328,0.41641,0.53196
0.05794,0.34977,0.097129,0.31643,0.26727,0.30916,0.21473,0.22997,0.23473
-0.060661,0.16579,0.50185,0.14751,0.13835,0.16552,0.13819,0.36197,0.26599
0.014902,0.033027,0.12274,0.11509,0.10964,0.13813,0.24978,0.2588,0.43097
-0.018449,0.0037966,0.28526,0.065431,0.35585,0.34211,0.1824,0.40001,0.2646
-0.044683,0.25809,0.16403,0.17085,0.14798,0.16801,0.32899,0.16551,0.22393
0.11778,0.06818,0.24576,0.1882,0.051263,0.35028,0.16561,0.35987,0.17934
0.18661,0.073922,0.10287,0.20933,0.19951,-0.011292,0.30125,0.15207,0.25041
0.14706,0.21115,0.23499,0.4269,-0.0062744,0.1655,0.2947,0.13911,0.28288
0.05511,0.18237,0.17773,0.1276,0.077426,0.15718,0.37364,0.29732,0.27806
-0.094272,0.15531,0.038708,0.3834,0.049617,0.19347,0.30325,0.34648,0.16173
0.232,0.06786,0.20633,0.028449,0.35959,0.18667,0.37873,0.24152,0.091448
0.1102,0.2685,0.26999,0.41502,0.25911,0.36951,0.29759,0.06812,0.17287
0.31258,0.2643,0.11861,0.26574,0.2974,0.22638,0.32844,0.23384,0.64628
0.23193,0.19362,0.11449,0.29973,0.093184,0.19359,0.36351,0.27023,0.21079
0.13087,0.22522,0.052297,0.017774,0.2064,0.21654,0.28685,0.13563,0.27205
0.2981,0.037596,0.19132,0.13972,0.10971,0.16812,0.34312,0.32283,0.11046
0.073152,0.0028256,0.20842,0.14769,0.16151,0.17067,0.26467,0.15044,0.25745
0.018421,0.13245,0.053553,0.097035,0.22829,0.25557,0.2923,0.15648,0.10027
0.16247,0.22646,0.25546,0.31126,0.21932,0.20712,0.014283,0.11835,0.35102
0.056038,0.039471,0.059738,0.20361,0.10847,0.11463,0.14537,0.17796,0.26179
-0.0051295,0.30588,-0.042649,-0.045977,0.14549,0.15303,0.25356,0.29188,0.19303
0.15142,0.1328,0.069178,0.20035,0.33179,0.16944,0.34403,0.25766,0.41778
0.047654,0.25804,0.13891,0.061075,0.203,0.31067,0.22122,0.19126,0.24302
-0.11247,0.29333,-0.010143,0.18188,0.18184,0.34878,0.20963,0.16615,0.28211
0.047362,0.1207,0.28174,0.12006,0.07436,0.31746,0.2744,0.27032,0.28232
-0.010979,-0.095815,0.24047,0.18594,0.039585,0.1073,0.35473,0.39629,0.10586
-0.053499,0.25225,0.13113,0.25134,0.51753,0.20042,0.20949,0.29075,0.20382
0.053567,0.16517,0.1949,0.22106,0.10011,0.31391,0.24178,0.063273,0.45661
0.16114,0.068924,0.16968,0.27704,0.24336,0.065589,0.25727,0.32379,0.35926
0.10821,0.20942,0.31351,0.092918,0.1628,0.28969,0.30688,0.33718,0.2259
0.033528,-0.10932,0.23562,0.1486,0.11723,0.31231,0.17822,0.31423,0.43619
0.14431,0.22718,0.35557,0.22158,0.28315,0.45166,0.39825,0.51421,0.38021
-0.049394,0.048976,0.11012,0.22412,0.27821,0.10917,0.29076,0.26902,0.5047
0.31396,0.15248,0.21148,0.14323,0.082045,0.4087,0.29047,0.42932,0.12263
0.064361,0.12583,-0.0076817,0.31627,0.089004,0.16056,0.22534,0.225,0.15002
0.061233,0.022647,0.20122,0.1522,0.2497,0.10149,0.42031,0.31525,0.022722
-0.13603,0.078079,0.26778,0.35811,0.11353,0.33312,0.26464,0.055434,0.0084346
0.068179,0.14239,0.20396,0.40974,0.23986,0.21626,0.20395,0.19814,0.23215
0.15217,0.10231,0.23834,0.1864,0.42491,0.25132,0.16041,0.25246,0.39414
0.17822,0.070982,0.036289,0.51828,0.3172,0.20822,0.10455,0.20802,0.11228
0.078689,0.14463,0.16293,0.2564,0.38443,0.3212,0.18381,0.23009,0.3235
0.012152,0.29967,-0.081371,0.18315,0.13681,0.3484,0.15099,0.29179,0.24443
-0.048777,0.23881,0.081692,0.41186,0.24905,0.19082,0.25683,0.25847,0.45523
0.031711,0.069974,-0.040661,0.19619,0.13641,0.18044,0.28874,0.2759,0.37415
0.24557,0.28001,0.20111,0.15767,0.21806,0.20352,0.31714,0.30987,0.17345
0.23283,-0.098857,-0.008683,-0.0045699,0.13897,0.13442,0.2227,0.16985,0.16301
0.0078047,0.041248,0.19103,0.1377,-0.032273,0.12271,0.17603,0.10971,0.27195
-0.04757,0.23485,0.048124,0.20965,0.21048,0.49537,0.39752,0.25226,0.18515
0.26139,-0.16931,0.40634,0.1379,0.2291,0.25024,0.42095,0.428,0.48451
0.17504,-0.015431,0.25409,0.27003,0.1277,0.37918,0.21339,0.41855,0.23166
0.012106,0.079912,-0.0037347,0.12982,0.14086,0.23292,0.25688,0.27446,0.35052
0.1086,0.2698,0.33046,0.42731,0.30423,0.35564,0.39112,0.2855,0.21863
0.197,0.31125,0.065039,0.12352,0.30049,0.1041,0.15712,0.021999,0.21331
-0.075635,0.011635,0.38899,0.2263,0.34703,0.29876,0.21476,0.32783,0.20444
-0.056281,-0.044552,0.172,0.29823,0.27111,0.1874,0.41958,0.2494,0.27348
0.032457,0.028216,0.27992,0.38598,0.080237,0.32352,0.29616,0.32679,0.25023
-0.090547,0.21055,-0.020208,0.16988,0.00030521,0.18147,0.19993,0.32304,0.2804
0.10252,0.061123,0.19291,0.12743,0.26691,0.30706,0.36036,0.2047,0.26949
-0.10666,0.23647,0.0036485,0.4254,0.15045,0.22072,0.21178,0.25501,0.18391
0.18919,0.032466,0.097867,0.13309,0.38849,0.17551,0.28655,0.30184,0.2108
-0.011569,0.066379,0.098767,0.28561,0.41893,0.1749,0.38653,0.19534,0.227
-0.01455,0.2513,0.025841,0.013857,0.14669,0.22123,0.20594,0.13692,0.16545
-0.023855,-0.03019,0.16326,0.47993,0.21366,-0.017003,0.096379,0.18895,0.36219
0.04046,0.18915,0.14943,0.31405,0.13584,0.033699,0.11749,0.23007,0.33022
0.070096,0.30364,0.41043,0.0024737,0.24921,0.26209,0.31705,0.2614,0.43772
0.043564,-0.060343,0.10434,0.13342,-0.066296,0.13226,0.32045,0.31628,0.10704
0.047708,0.1246,0.03427,-0.027298,0.33822,0.17222,0.21794,0.38193,0.40103
0.1292,0.13967,0.25757,0.10606,0.10178,0.15673,0.20317,0.22013,0.26306
0.18911,0.50292,0.094501,0.19779,0.20626,0.24112,0.37509,0.35862,0.092036
0.058356,0.025223,0.17479,0.18835,0.1876,0.43015,0.23757,0.24392,0.2657
0.21966,0.031867,0.2752,0.33989,-0.0156,0.33453,0.18493,0.26109,0.18373
0.35513,0.19379,0.22069,0.094486,0.33491,0.072664,0.20056,0.18408,0.50258
0.088998,0.24675,0.089734,0.15205,0.35399,0.36223,0.13536,0.2956,0.33853
0.016334,0.13617,0.029327,0.05003,0.12792,0.14722,0.34019,0.1928,0.22568
-0.12566,0.1829,-0.12384,0.27258,0.19503,0.27242,0.21138,0.21368,0.32548
0.025598,0.24732,0.19715,0.1847,0.32142,0.28396,0.28472,0.29867,0.34283
-0.091005,0.084536,0.13784,0.10986,0.25521,0.29166,0.29123,0.38532,0.39182
-0.003411,0.06908,0.021955,0.20583,0.033379,0.31389,0.32866,0.55051,0.59799
0.14127,0.19967,0.065076,0.14048,0.10796,0.36676,0.28748,0.42031,0.11166
-0.054089,0.016225,0.26705,0.079002,0.075082,0.18333,0.32464,0.17708,0.37442
-0.034475,0.050325,-0.015132,0.37234,0.15002,0.23116,0.6215,0.26829,0.33838
0.15416,0.080414,0.39217,0.32397,0.19012,0.22545,0.39253,0.15214,0.010694
0.038386,0.1829,0.18394,0.064138,0.1568,0.12324,0.30479,0.43267,0.19711
0.1791,-0.027578,0.018271,0.3993,0.14396,0.14459,0.18254,0.21101,0.1789
0.14533,0.058013,0.18379,0.21552,0.33601,0.14098,0.31256,0.1438,0.37391
0.18028,-0.023832,0.24989,0.35183,0.04552,0.27587,0.096775,0.12625,0.13468
0.010917,0.34642,0.13804,0.18456,0.27759,0.084721,0.1338,0.17135,0.23176
0.039808,0.069275,0.21193,0.096376,0.15245,0.22831,0.1398,0.023813,0.082346
-0.075449,0.00060422,0.041696,0.066815,0.012059,0.29054,0.31543,0.31104,0.29227
-0.01396,0.38324,0.27145,0.45769,0.20219,0.31995,0.3667,0.21298,0.20766
0.18384,0.25389,0.30012,0.11452,0.13098,0.10691,0.17926,0.31818,0.086981
0.05068,0.049195,0.21239,0.1796,0.025318,0.5133,0.55352,0.27962,0.27984
0.14927,0.018956,0.074369,0.19362,0.46048,0.39732,0.16974,0.13723,0.067815
-0.052025,-0.060866,0.21887,0.16045,0.11669,0.41456,0.24018,0.33267,0.12611
0.038262,0.38392,0.28223,0.3048,0.24707,0.044775,0.2576,0.34043,0.17549
0.072834,0.2726,0.073908,0.094896,0.22608,0.27181,0.17749,0.15992,-0.0028748
0.046455,0.44209,0.07487,0.010438,0.37335,0.40283,0.27941,0.4338,0.20767
0.072602,0.178,0.29862,0.15503,0.36204,0.2866,0.11086,0.21423,0.33613
-0.052995,0.086767,0.27677,0.22491,0.24297,0.39921,0.56521,0.54914,0.34271
