0.0079356,0.01326,0.014942,0.032166,0.012958,0.022452,0.032858,0.048275,0.060627
-0.0067912,-0.010347,0.0068394,0.02417,0.021786,0.030204,0.057385,0.043792,0.056313
-0.010176,0.015197,0.012644,0.017198,0.010491,0.017858,0.024564,0.036654,0.04571
0.0032504,-0.0015506,0.0045088,0.025016,0.018743,0.03292,0.035588,0.037597,0.048864
0.015665,-0.0033968,0.017252,0.028133,0.015821,0.039197,0.045407,0.045727,0.049062
-0.0099359,0.01919,0.025665,0.0038251,0.02174,0.04013,0.035927,0.062467,0.066249
-0.0024873,0.025602,0.012785,0.033202,0.013765,0.045601,0.045409,0.049561,0.038582
-0.0075401,0.013976,0.029513,0.028157,0.030744,0.026661,0.038868,0.045911,0.047187
0.011634,-0.0018202,0.012615,0.019372,0.02447,0.023913,0.032137,0.065162,0.059774
0.0078695,0.011728,0.011126,0.002012,0.023007,0.021552,0.040361,0.044275,0.038675
0.0042187,0.018748,0.008875,0.003205,0.029438,0.028634,0.044629,0.057803,0.051866
0.011556,-0.0079175,0.028114,0.0061458,0.010176,0.023804,0.029546,0.046076,0.06472
0.012564,0.022776,-0.0037307,0.0055081,0.009424,0.032947,0.045628,0.041154,0.058593
0.029247,-0.0088039,-0.005423,0.018856,0.017655,0.034479,0.020812,0.040997,0.052099
-0.020318,-0.016778,0.02384,0.0064585,0.044309,0.034425,0.050216,0.050716,0.068771
0.0039242,-0.00023132,0.018654,0.017049,0.027697,0.029397,0.03449,0.032435,0.042319
0.019475,0.0057419,0.0042414,0.0073778,0.022422,0.038255,0.051596,0.053308,0.048662
0.0046018,0.01403,0.0073562,0.0041927,0.010644,0.040213,0.045649,0.049288,0.071762
0.0058344,0.014327,-0.0067577,0.0039118,0.006768,0.031966,0.032584,0.058363,0.052244
0.019088,0.021837,0.025521,0.015143,0.020538,0.030127,0.027882,0.046176,0.039513
0.011885,0.017588,0.013816,0.016959,0.022669,0.02778,0.045959,0.033878,0.045055
0.014605,0.037466,0.0075872,0.021396,0.02008,0.030613,0.047614,0.05253,0.068635
0.016929,-0.0027093,0.023731,0.015807,-0.00075861,0.01727,0.032711,0.041713,0.04955
-0.0062551,0.0096234,-0.0020001,0.01664,0.015162,0.025338,0.040719,0.038697,0.05932
-0.016325,0.012448,0.026985,0.025114,0.0068817,0.031801,0.028815,0.049339,0.057974
0.0093286,0.010417,0.0065655,0.018048,0.022657,0.036302,0.034684,0.0356,0.052598
0.0025715,0.00424,0.00090239,0.021125,0.017537,0.03576,0.034935,0.041337,0.04687
0.012198,0.0015444,-0.0039745,0.014664,0.038039,0.018087,0.034301,0.033532,0.051289
-0.011443,0.020951,0.0068136,0.0054335,0.015623,0.027316,0.036753,0.062745,0.038767
0.0013017,0.019679,-0.01101,0.02039,0.024176,0.024286,0.039743,0.036606,0.037939
0.0026307,0.025846,0.0061036,0.016617,0.025707,0.035982,0.03733,0.044696,0.055118
0.0017567,-0.00060984,0.0051941,0.014921,0.015523,0.012677,0.063963,0.039129,0.063503
-0.0035603,0.023858,0.015602,0.014135,0.0048107,0.038902,0.049914,0.062505,0.053701
0.0029112,0.018609,0.033855,0.010085,0.0088155,0.030669,0.042748,0.01395,0.048945
0.0081181,-0.0018501,0.036058,0.039524,-0.0068904,0.02663,0.047189,0.037591,0.059392
0.012343,0.013716,0.021198,0.038442,0.029605,0.029955,0.038234,0.034018,0.068671
-0.0044241,0.017737,0.044277,0.032173,0.033589,0.034923,0.041705,0.048931,0.05884
0.014469,0.023137,0.019469,0.0014432,0.019109,0.032257,0.04397,0.042761,0.051587
-0.012113,-0.013821,0.016461,0.012076,0.025671,0.028692,0.041708,0.037296,0.051069
0.010982,0.0025263,0.021658,0.0078271,0.014953,0.014097,0.031589,0.052241,0.06725
0.031459,0.0090749,0.057123,0.013743,0.031553,0.027255,0.031962,0.022341,0.043106
0.0028994,0.011446,0.0081202,0.022223,0.0095305,0.020723,0.023055,0.041032,0.039008
-0.020513,0.010242,0.022686,0.022466,0.03995,0.039675,0.04002,0.034077,0.061994
-7.7152e-05,0.01072,0.0090991,0.014486,0.03094,0.030944,0.048285,0.039933,0.040318
0.02481,0.0064045,-0.00032903,0.015476,0.028526,0.030276,0.048051,0.047497,0.051632
0.015308,0.00071692,0.020906,0.0097217,0.03093,0.04009,0.040726,0.029605,0.051681
0.013972,0.0046768,0.024092,0.036774,0.025565,0.030457,0.04218,0.052229,0.063613
0.0024475,0.0033141,0.0096072,0.01795,0.022543,0.039207,0.05607,0.053762,0.052961
0.017324,0.0080209,0.014837,0.012866,0.016359,0.030102,0.036712,0.04527,0.055555
-0.0026002,0.0016637,0.018875,0.021658,0.032793,0.027819,0.034116,0.063697,0.046124
0.0076784,-0.0043446,0.011277,0.027425,0.025673,0.02819,0.049884,0.041312,0.057993
-0.00089682,0.0012608,0.0023653,0.027678,0.027697,0.037262,0.037288,0.065254,0.066842
0.015902,0.025025,0.015421,0.02879,0.037387,0.022439,0.041283,0.040363,0.039181
0.0018603,0.016286,0.0014507,0.011373,0.021832,0.029841,0.0579,0.048972,0.046355
0.022477,-0.0046867,0.012098,0.01718,0.042628,0.035418,0.043329,0.041813,0.061843
-0.017642,0.006184,0.02257,0.02177,0.013063,0.017797,0.044533,0.038455,0.056433
0.02206,0.0023878,0.013467,0.026514,0.015576,0.033655,0.047587,0.050953,0.064142
0.01338,0.0078139,0.024519,0.01349,0.023262,0.030777,0.054192,0.04627,0.05863
0.016509,0.01821,0.014636,0.025044,0.023005,0.020962,0.040492,0.03263,0.042989
0.0088088,0.022583,0.0048074,0.019397,0.039781,0.018857,0.021073,0.043317,0.043439
0.034404,0.0047786,0.0048218,0.021242,0.016884,0.025614,0.037869,0.049317,0.069237
-0.011565,0.023455,0.0048171,0.006577,0.01749,0.036799,0.053735,0.064874,0.063801
0.01073,0.0011305,0.0085896,0.023553,0.013688,0.018606,0.040907,0.044279,0.057314
-0.0086364,0.0091222,0.016413,0.015269,0.016923,0.021679,0.045316,0.035099,0.050125
-0.013191,0.00081488,0.0028579,0.027754,0.01865,0.026404,0.037075,0.037198,0.051811
0.012432,0.0066183,0.019363,0.019196,0.019025,0.022712,0.032661,0.049091,0.047688
0.012729,0.01265,0.030248,0.016923,0.013573,0.0096812,0.0396,0.044179,0.051528
-0.001212,-0.00059169,0.0082541,0.01949,0.041019,0.023931,0.060332,0.04934,0.044247
0.01633,0.015453,0.018781,0.024251,0.011736,0.019515,0.039565,0.040538,0.059008
-0.0047398,-0.0087359,0.014665,0.023222,-0.0023662,0.0070447,0.049072,0.043215,0.0517
0.013141,0.01341,-0.0020413,0.0048331,-0.0016869,0.035165,0.034575,0.039988,0.060094
-0.0018113,-0.001205,0.019264,0.033229,0.024773,0.0441,0.051757,0.055146,0.045627
-0.014535,0.0034216,-0.0001579,0.021619,0.0079356,0.034074,0.036141,0.04718,0.058074
0.0043162,0.009243,-0.011043,0.010646,0.018907,0.024947,0.030811,0.038711,0.062962
0.025769,0.033577,0.012216,0.0022166,0.036105,0.034699,0.04852,0.04883,0.039504
0.015734,0.022539,0.020414,0.012662,0.0075646,0.028113,0.048059,0.037506,0.060037
-0.0002392,0.016702,0.015766,0.0070393,0.027947,0.033121,0.029118,0.056869,0.070604
0.0011488,0.026469,0.0060142,0.014098,0.0078558,0.032048,0.047114,0.062212,0.050326
0.0066064,-0.0035207,0.013174,0.023901,0.032361,0.028678,0.034301,0.03242,0.051357
-0.0040367,0.015433,0.025889,0.0091858,0.019726,0.022903,0.040762,0.04886,0.077191
0.00078762,0.0087267,-0.0092493,0.020319,0.037193,0.014869,0.050853,0.052961,0.065857
-0.011104,0.0023593,0.012089,0.02305,0.027264,0.027967,0.039975,0.047495,0.073307
0.0123,-0.0011381,0.004932,0.018242,0.026969,0.02487,0.017866,0.04444,0.065169
0.015188,-0.018229,0.01363,0.023748,0.010274,0.0090445,0.060091,0.039526,0.043589
0.0066944,0.0018027,0.010555,0.011392,0.028137,0.032965,0.032261,0.044539,0.054066
-0.0056475,0.0042039,0.020572,0.015646,0.029885,0.040358,0.032159,0.03418,0.058645
0.004624,0.010815,0.013541,0.0084177,0.023201,0.039912,0.039001,0.061159,0.067105
0.003901,0.010995,0.023936,0.00020224,0.022933,0.037619,0.046236,0.036483,0.064642
0.010401,-0.0011321,0.00032002,0.0069447,0.020867,0.030614,0.041315,0.045121,0.062752
-0.0056829,0.010895,0.010693,0.01297,0.024088,0.045657,0.028372,0.060712,0.042454
0.0074751,0.020054,0.029513,0.022026,0.019159,0.028998,0.019579,0.046315,0.064048
0.02501,0.021317,0.023869,0.012502,0.015743,0.033336,0.04487,0.039077,0.047727
-0.0016371,0.016704,0.011619,0.011458,0.045759,0.032406,0.044283,0.046169,0.048547
0.026576,-0.0023426,0.019635,0.016686,0.019078,0.01924,0.035204,0.05141,0.03809
-0.0018733,0.017339,0.014894,0.0097176,0.033549,0.027866,0.047926,0.049365,0.051147
-0.0051678,0.0020133,0.0011083,0.024885,0.035151,0.048848,0.05085,0.031678,0.031687
0.012836,0.038453,0.021161,0.010909,0.022836,0.02248,0.036663,0.0514,0.065182
0.0016623,0.0071042,0.0050202,0.0091043,0.025204,0.028891,0.045607,0.050088,0.059371
-0.0015924,-0.0036405,0.029131,0.015868,0.026794,0.029409,0.02321,0.058981,0.062299
-0.0033142,-0.0087827,0.0087628,0.013956,0.018852,0.042751,0.04915,0.043138,0.04924
