0.047827,0.026496,0.016958,0.077154,0.063332,0.11778,0.15498,0.19112,0.18081
-0.015655,0.034265,0.058783,0.096853,0.071259,0.076911,0.104,0.13838,0.13968
0.16927,0.082375,0.038797,0.058553,0.023472,0.12262,0.10369,0.19342,0.099124
0.038762,0.0097719,0.096843,0.0607,0.047742,0.1873,0.17219,0.12592,0.15803
0.031902,0.1022,0.076841,0.069032,0.081847,0.08463,0.14013,0.17204,0.13628
-0.012401,0.032174,0.069675,-0.015559,0.11107,0.11258,0.098751,0.12378,0.10689
0.011437,0.090844,0.034905,0.11294,0.098857,0.12815,0.189,0.15574,0.17759
-0.055078,-0.0058032,0.088843,0.12917,0.070586,0.11712,0.09999,0.19301,0.15855
-0.023215,0.047075,0.035732,0.043581,0.13068,0.091769,0.16968,0.16068,0.14252
-0.0064653,0.031453,0.029116,0.096903,0.083263,0.17107,0.19316,0.15077,0.20682
0.05356,0.037908,0.10905,0.051008,0.13203,0.18841,0.17368,0.14588,0.14695
-0.021544,-0.015839,0.0050841,0.017776,0.10056,0.13554,0.15688,0.1253,0.13704
0.0063647,0.050654,0.057772,0.054647,0.085285,0.11011,0.17209,0.091875,0.12451
-0.023499,0.062556,0.081946,0.080519,0.059347,0.097156,0.10263,0.11416,0.2023
0.058477,0.055919,0.11104,0.11872,0.082483,0.15404,0.10882,0.10936,0.10291
-0.015608,0.050145,0.093195,0.030646,0.07534,0.1417,0.11464,0.11375,0.1527
0.02171,0.040672,0.046535,0.023408,0.13814,0.12412,0.17969,0.076263,0.1298
-0.019838,0.03669,0.031763,0.089528,0.10275,0.11789,0.098651,0.14154,0.094678
0.029918,0.036306,0.072078,0.11155,0.081317,0.090042,0.087173,0.14887,0.11181
0.064884,-0.030469,0.064299,0.010812,0.065329,0.1604,0.12083,0.19407,0.16522
0.04749,0.037669,0.075908,0.047092,0.090306,0.086214,0.037767,0.15205,0.14633
-0.029455,0.027878,0.055249,0.088099,0.09771,0.07609,0.093953,0.14648,0.22662
0.0048753,0.10773,0.084915,0.068606,0.062297,0.057315,0.098818,0.13776,0.081405
-0.004143,0.024594,0.021729,0.099459,0.075631,0.10208,0.08504,0.15325,0.08966
0.036033,0.020069,0.094315,0.065576,0.089406,0.11686,0.1288,0.13734,0.13841
0.037919,0.01354,0.059023,0.11246,0.13094,0.15408,0.11321,0.16112,0.11349
0.074582,-0.014796,0.026079,0.0784,0.097482,0.12023,0.10553,0.13168,0.10625
0.05714,0.011493,0.026857,0.027096,0.11192,0.10271,0.12439,0.13779,0.10265
0.068189,-0.0096716,0.015664,0.082014,0.06447,0.094347,0.18474,0.1281,0.21761
0.014677,0.041284,0.053885,0.092575,0.094792,0.09462,0.10807,0.18875,0.098562
0.093208,0.08324,0.042506,0.10315,0.096186,0.17908,0.16469,0.15469,0.13861
-0.0028556,0.024937,-0.0061788,0.049001,0.050843,0.1213,0.1339,0.13569,0.13707
0.067542,0.0023848,0.049526,0.064213,0.014677,0.18297,0.087227,0.12945,0.14652
0.025193,-0.012513,0.076325,0.066189,0.14917,0.10824,0.12312,0.12545,0.15172
0.0062662,0.05035,0.055754,0.12506,0.074342,0.15271,0.17085,0.11945,0.15966
-0.012634,0.021228,0.020179,0.065965,0.063685,0.10647,0.1177,0.14521,0.1861
0.016793,0.0095807,0.14392,0.10311,0.1305,0.13428,0.225,0.2098,0.19319
0.025517,-0.0040377,0.12865,0.067147,0.093659,0.17087,0.085001,0.14133,0.16432
-0.0038988,-0.0025559,0.043154,0.051255,0.10013,0.060387,0.13412,0.12036,0.14674
-0.06162,0.051272,0.059449,0.073679,0.07873,0.10848,0.086773,0.060179,0.17004
0.037501,0.016623,0.044384,0.024865,0.0944,0.16196,0.069497,0.13757,0.1697
0.013492,0.049182,0.052548,0.0012741,0.12258,0.10548,0.11522,0.15303,0.13778
0.04881,0.055643,0.065033,0.060925,0.11063,0.06481,0.14707,0.15067,0.13543
0.004212,0.0028682,0.10372,0.12885,0.12552,0.094777,0.11298,0.17163,0.16368
0.015803,0.039556,0.039717,0.043493,0.077626,0.11493,0.1097,0.12106,0.11677
-0.037142,0.029544,0.05858,0.12184,0.072424,0.092894,0.12383,0.15481,0.12616
0.029038,0.054103,0.10813,0.10151,0.034975,0.16345,0.090536,0.1301,0.12542
0.032349,0.012025,0.0016816,0.099315,0.032418,0.13479,0.068462,0.13078,0.2129
-0.023858,0.059662,0.062327,0.035179,0.054129,0.11463,0.10508,0.098386,0.16413
0.03733,0.010153,0.064513,0.062835,0.09892,0.11097,0.049015,0.10492,0.12648
0.052813,0.10928,0.12514,0.032993,0.056842,0.12134,0.15081,0.16512,0.13019
0.012608,0.034861,0.094742,0.07717,0.11157,0.13203,0.14519,0.16905,0.16075
0.031407,0.025925,0.0020277,0.07136,0.13247,0.048487,0.15648,0.13682,0.12709
0.029969,0.023996,0.042421,0.087212,0.041358,0.077631,0.12976,0.097508,0.1195
0.075916,0.028363,0.114,0.074437,0.079628,0.077105,0.11483,0.16798,0.19632
-0.018255,0.097405,0.025437,0.10046,0.082432,0.097733,0.11538,0.12447,0.22144
-0.021702,0.03401,0.042171,0.074201,0.079193,0.05083,0.1957,0.099751,0.15445
-0.051855,0.03939,0.11167,0.047502,0.095842,0.084931,0.11075,0.17509,0.11793
0.016636,0.085278,0.034371,0.091967,0.079149,0.12932,0.071383,0.16017,0.13996
-0.012924,0.013813,0.01832,0.02209,0.09454,0.15704,0.13296,0.12012,0.15463
0.019114,0.065493,0.042413,0.09042,0.10827,0.11542,0.1652,0.11413,0.17883
0.022389,0.024627,0.11518,0.064553,0.089031,0.075396,0.14241,0.15411,0.17015
0.042808,0.01855,0.13104,0.047956,0.054619,0.08125,0.14,0.07693,0.14804
-0.033469,-0.0098841,0.0786,0.091105,0.083825,0.092387,0.14879,0.13305,0.15985
0.020941,0.040672,0.063725,0.075981,0.089862,0.10763,0.1628,0.12177,0.16646
-0.040245,0.07011,-0.0053479,0.066395,0.055916,0.083439,0.074915,0.10816,0.064408
0.05941,0.060102,0.14733,0.068922,0.10605,0.14532,0.17561,0.12654,0.17189
-0.0040679,-0.021976,0.07869,0.089094,0.063033,0.12385,0.097304,0.15932,0.13645
-0.051499,0.043839,0.047717,0.12509,0.090491,0.098684,0.12925,0.041326,0.089553
0.01781,0.0030809,0.10962,0.065838,0.099076,0.098842,0.12269,0.12215,0.11213
-0.051084,0.17096,-0.039623,0.053628,0.10077,0.13729,0.1837,0.1083,0.15379
0.013207,0.061635,0.043476,0.020166,0.10468,0.14315,0.19156,0.22863,0.16346
-0.027174,0.036437,0.058808,0.060024,0.075738,0.16286,0.15805,0.15513,0.12947
0.01318,0.065821,0.043563,0.030057,0.095924,0.10102,0.10627,0.16055,0.16253
0.050034,0.030342,0.042632,0.004891,0.10492,0.06798,0.1045,0.12509,0.1473
-0.0076524,0.01581,0.03253,0.09164,0.070727,0.1305,0.12565,0.07923,0.1007
0.030189,0.043592,0.049809,0.062054,0.085613,0.11942,0.15285,0.21259,0.13823
0.0017698,0.010655,0.11495,0.10043,0.094179,0.13004,0.13301,0.14222,0.1601
0.050953,0.059612,0.0073576,0.061696,0.1213,0.085513,0.1222,0.12904,0.1352
0.015534,0.074569,0.048635,0.073759,0.10211,0.078589,0.18564,0.14002,0.19364
0.010763,0.021644,0.053852,0.13235,0.11867,0.15904,0.15436,0.12971,0.17223
-0.0080422,0.016301,0.04426,0.054293,0.046489,0.055027,0.14276,0.16297,0.12735
-0.0070425,0.016481,0.04184,0.11846,-0.0057077,0.13509,0.1511,0.10044,0.14253
0.024968,0.092688,0.058377,0.034937,0.078143,0.13377,0.18733,0.1204,0.17139
0.017837,0.013081,0.055069,0.10896,0.053696,0.050455,0.12475,0.19953,0.23067
0.0098433,0.064957,0.043015,0.10152,0.085988,0.081087,0.10466,0.13769,0.18276
0.025902,0.022539,0.0752,0.068838,0.12049,0.16742,0.13377,0.18041,0.10456
0.017799,0.049284,-0.0013598,0.075374,0.12851,0.15292,0.14575,0.12057,0.13971
-0.01543,-0.027913,0.041634,0.03535,0.051645,0.13797,0.14046,0.1656,0.17791
0.035242,0.063376,0.081268,0.11417,0.035676,0.18375,0.11749,0.11859,0.14948
0.043818,0.055382,0.044425,0.074935,0.10332,0.12612,0.23941,0.16412,0.15261
0.096085,0.017379,0.077708,0.0052311,0.13576,0.12513,0.13892,0.12913,0.089916
-0.019718,0.068239,0.056848,0.058838,0.11779,0.17531,0.19125,0.10852,0.15295
0.0072341,-0.022903,0.016217,0.083666,0.090826,0.20475,0.098711,0.15622,0.17574
0.038907,-0.0010799,0.091957,0.032585,0.10047,0.16085,0.16809,0.1219,0.14728
0.008396,-0.0044422,0.061339,0.055519,0.094647,0.1475,0.11706,0.16083,0.13134
0.0062735,0.04112,0.040179,0.049239,0.096892,0.078937,0.13225,0.12252,0.17712
-0.0076331,0.09697,0.080892,0.095607,0.070954,0.071838,0.12996,0.12059,0.13878
0.048011,0.041779,0.10867,0.067961,0.049398,0.1576,0.15795,0.19482,0.13676
0.06997,0.034505,0.087571,0.1101,0.056871,0.1437,0.13898,0.2248,0.17709
