0.081466,0.052043,0.069027,0.078144,0.066813,0.086629,0.070707,0.096318,0.067513
0.068144,0.056705,0.081958,0.08906,0.077961,0.093154,0.081432,0.083738,0.093595
0.093597,0.059463,0.080305,0.082307,0.087085,0.083487,0.086031,0.09725,0.10067
0.060366,0.044491,0.074003,0.07973,0.070686,0.075639,0.081483,0.08354,0.089457
0.060812,0.045302,0.061507,0.078239,0.070105,0.077437,0.051402,0.076745,0.081717
0.069989,0.055956,0.079827,0.077876,0.081537,0.093145,0.094668,0.087956,0.086455
0.07368,0.053931,0.086732,0.083135,0.072981,0.083159,0.096429,0.098311,0.10195
0.057895,0.061569,0.064973,0.091366,0.077134,0.094698,0.079196,0.096584,0.086751
0.0475,0.051877,0.074845,0.087787,0.079469,0.0636,0.074365,0.07201,0.062003
0.060066,0.063344,0.062147,0.088966,0.086736,0.077039,0.083274,0.098073,0.084416
0.073958,0.050931,0.074975,0.089741,0.086998,0.075577,0.089313,0.091562,0.10288
0.067226,0.065321,0.067387,0.075409,0.066428,0.081228,0.086459,0.083489,0.083338
0.069283,0.047718,0.069391,0.077631,0.080785,0.089662,0.093854,0.075473,0.070355
0.065722,0.050113,0.091986,0.084797,0.096847,0.098828,0.079445,0.080215,0.1101
0.05481,0.044065,0.072442,0.082642,0.072446,0.086076,0.075043,0.073724,0.092308
0.1003,0.065217,0.097475,0.10594,0.0935,0.10217,0.10752,0.10986,0.11191
0.063383,0.064679,0.087957,0.079072,0.074352,0.071643,0.080793,0.079816,0.072824
0.063587,0.054047,0.074071,0.06863,0.081172,0.08625,0.077573,0.070788,0.082993
0.064937,0.056896,0.077747,0.075144,0.08006,0.089064,0.082461,0.088216,0.085035
0.070187,0.067701,0.082572,0.080312,0.089311,0.09087,0.080807,0.097647,0.087447
0.062057,0.059961,0.074436,0.077915,0.07138,0.062614,0.062005,0.081969,0.08193
0.077309,0.0536,0.075727,0.090213,0.071761,0.071472,0.091363,0.082614,0.095394
0.086088,0.05372,0.076244,0.074025,0.077666,0.077444,0.088888,0.093625,0.091227
0.069648,0.049428,0.072169,0.082488,0.073912,0.076448,0.064109,0.085954,0.084807
0.060481,0.053315,0.079868,0.074543,0.07182,0.069046,0.061036,0.080088,0.087237
0.085892,0.057236,0.078668,0.093119,0.089081,0.090373,0.08646,0.094136,0.10613
0.085028,0.065554,0.082292,0.08829,0.084664,0.085376,0.077562,0.087874,0.093493
0.063823,0.062676,0.075334,0.080161,0.088722,0.08694,0.096762,0.095981,0.11151
0.10499,0.070219,0.083314,0.088931,0.095262,0.092518,0.09731,0.10625,0.10477
0.07862,0.063744,0.098264,0.099484,0.071999,0.080779,0.10301,0.1127,0.11814
0.075723,0.072969,0.078788,0.091927,0.079764,0.072656,0.083772,0.088789,0.076739
0.074712,0.056426,0.075224,0.089515,0.091891,0.080454,0.086979,0.10566,0.094702
0.056138,0.067574,0.074024,0.087786,0.081876,0.068399,0.081837,0.090954,0.08098
0.066927,0.0547,0.083101,0.079022,0.072113,0.072821,0.067795,0.10399,0.095166
0.068249,0.055778,0.071193,0.088314,0.091626,0.060353,0.083524,0.086703,0.093414
0.066181,0.050551,0.072994,0.083154,0.085354,0.089857,0.089859,0.085273,0.082782
0.067443,0.050968,0.071831,0.082688,0.09008,0.066945,0.078503,0.087238,0.097059
0.071468,0.062181,0.073381,0.086083,0.085137,0.079769,0.083956,0.093622,0.084061
0.057786,0.05033,0.08379,0.10213,0.081693,0.084635,0.071683,0.090174,0.073469
0.061579,0.055073,0.084114,0.094491,0.066872,0.087521,0.095081,0.080577,0.081966
0.079399,0.064162,0.073317,0.093846,0.092157,0.081016,0.078361,0.088186,0.092633
0.077966,0.060531,0.067902,0.095044,0.071703,0.089669,0.081276,0.087609,0.09348
0.05634,0.068518,0.075861,0.079682,0.08207,0.083666,0.071934,0.076904,0.074967
0.078804,0.058526,0.081173,0.075899,0.067359,0.080074,0.076882,0.085041,0.099622
0.063548,0.063296,0.078994,0.088486,0.080989,0.085515,0.085692,0.081912,0.091783
0.088622,0.055891,0.082307,0.091671,0.084439,0.070765,0.08472,0.095799,0.1012
0.060187,0.052127,0.078048,0.079475,0.082312,0.086747,0.08743,0.093467,0.078997
0.057196,0.063802,0.081293,0.078964,0.07284,0.081275,0.085435,0.084663,0.081864
0.077057,0.067112,0.090576,0.094243,0.096317,0.097901,0.090275,0.11585,0.11901
0.064239,0.056605,0.072302,0.10314,0.074826,0.087751,0.08984,0.083733,0.10919
0.058536,0.058709,0.078947,0.071612,0.078119,0.061399,0.069509,0.064437,0.089808
0.086414,0.054354,0.089022,0.091782,0.080144,0.086472,0.091558,0.093612,0.089811
0.081222,0.054172,0.07663,0.086543,0.085939,0.079234,0.083927,0.10447,0.10093
0.060959,0.057056,0.084992,0.087246,0.08214,0.093811,0.078237,0.093403,0.086693
0.072624,0.042609,0.065412,0.070604,0.082294,0.083574,0.086859,0.08012,0.084193
0.084738,0.059156,0.072109,0.088039,0.076533,0.080786,0.0669,0.089581,0.093299
0.083912,0.06623,0.068541,0.080616,0.084698,0.093447,0.093094,0.10811,0.11322
0.070265,0.064245,0.082436,0.085451,0.080239,0.082397,0.09559,0.10107,0.090435
0.059473,0.054751,0.087625,0.086202,0.076537,0.086278,0.080106,0.075411,0.081646
0.068498,0.065006,0.086655,0.091547,0.084283,0.089722,0.074401,0.087211,0.10317
0.069184,0.062235,0.07455,0.085031,0.072604,0.071852,0.073002,0.079216,0.10004
0.072276,0.068167,0.083279,0.085681,0.083827,0.077713,0.085036,0.092819,0.085176
0.058675,0.051005,0.069814,0.077015,0.062275,0.087322,0.093915,0.092508,0.096129
0.084566,0.057425,0.076601,0.092772,0.078297,0.090235,0.090505,0.11191,0.083359
0.068463,0.062108,0.088641,0.090952,0.090933,0.087012,0.09038,0.083519,0.09258
0.063988,0.068614,0.082125,0.07671,0.078395,0.073249,0.072341,0.071843,0.07003
0.083442,0.054509,0.078874,0.080511,0.095404,0.10177,0.092938,0.094769,0.091416
0.067926,0.060379,0.066974,0.089276,0.084712,0.097497,0.086716,0.089361,0.10412
0.061559,0.046161,0.069195,0.077908,0.070474,0.07808,0.073607,0.078631,0.095748
0.06856,0.052806,0.077636,0.084959,0.06583,0.070617,0.066317,0.059139,0.072286
0.069384,0.061946,0.086218,0.086962,0.080079,0.082802,0.084032,0.11419,0.092286
0.066247,0.055391,0.078281,0.083142,0.083683,0.081174,0.095184,0.085337,0.098722
0.070136,0.054747,0.07366,0.082985,0.098354,0.088667,0.091382,0.094179,0.090668
0.066813,0.055767,0.071171,0.080494,0.079067,0.079591,0.081302,0.077735,0.095635
0.066257,0.055991,0.084132,0.077385,0.071142,0.082451,0.080811,0.087269,0.08026
0.083364,0.07021,0.068942,0.086405,0.077106,0.081999,0.075539,0.095613,0.096983
0.05158,0.06236,0.079722,0.077974,0.080774,0.08025,0.093762,0.089168,0.073999
0.066971,0.058116,0.070039,0.081503,0.085945,0.068944,0.073582,0.08991,0.08114
0.061611,0.050348,0.078675,0.077164,0.0751,0.077358,0.072742,0.080664,0.078883
0.082834,0.066192,0.083741,0.092182,0.07583,0.088526,0.079282,0.092722,0.08696
0.052695,0.054257,0.072333,0.076361,0.070345,0.075641,0.06792,0.068416,0.054645
0.065085,0.043631,0.061579,0.080723,0.074685,0.068595,0.0804,0.091401,0.079718
0.072173,0.056746,0.061622,0.07607,0.07415,0.083251,0.079419,0.083385,0.094179
0.066795,0.056479,0.069638,0.072777,0.077726,0.093469,0.072077,0.084114,0.083973
0.049812,0.044231,0.062858,0.060013,0.070555,0.062511,0.071968,0.071639,0.065496
0.067895,0.059743,0.078861,0.097446,0.081305,0.094149,0.098398,0.089342,0.089782
0.077512,0.067849,0.087406,0.096385,0.099207,0.074458,0.086118,0.098204,0.11898
0.053763,0.05648,0.082059,0.079402,0.069774,0.083437,0.083421,0.07404,0.088846
0.084449,0.063978,0.089537,0.089217,0.074354,0.089447,0.091069,0.08829,0.081011
0.073396,0.059724,0.073081,0.08598,0.083114,0.074706,0.075008,0.084906,0.077662
0.07123,0.069703,0.087643,0.080591,0.079445,0.087864,0.079496,0.091799,0.093588
0.097342,0.052958,0.094649,0.082918,0.093004,0.088608,0.090453,0.08397,0.10293
0.059782,0.061702,0.072854,0.090678,0.075972,0.091555,0.085174,0.094931,0.096531
0.075028,0.052735,0.082304,0.090758,0.086557,0.080311,0.079224,0.085786,0.09028
0.05716,0.055796,0.078732,0.069164,0.088864,0.086737,0.073069,0.084307,0.085005
0.074886,0.068697,0.097002,0.085599,0.084366,0.08715,0.094555,0.10504,0.095933
0.075679,0.053667,0.071364,0.098096,0.08553,0.088901,0.097062,0.092293,0.093815
0.05862,0.061258,0.081462,0.077132,0.071035,0.069998,0.079806,0.08804,0.066419
0.083005,0.050136,0.079958,0.083126,0.082523,0.083693,0.083946,0.087047,0.10242
0.069383,0.054602,0.071809,0.080521,0.10448,0.07637,0.090271,0.090296,0.079242
