8.4117,4.9421,3.4696
8.4199,4.9449,3.4751
8.4062,4.9441,3.4621
8.3926,4.9295,3.4631
8.4184,4.9331,3.4853
8.4085,4.9298,3.4786
8.4102,4.9389,3.4713
8.4129,4.9417,3.4712
8.4038,4.9337,3.4701
8.398,4.9223,3.4758
8.4069,4.9433,3.4636
8.4142,4.9458,3.4684
8.4281,4.9402,3.4879
8.4254,4.9406,3.4848
8.432,4.9345,3.4975
8.4001,4.9444,3.4557
8.4249,4.9151,3.5098
8.392,4.92,3.472
8.4088,4.9249,3.4839
8.4282,4.9714,3.4568
8.4158,4.9374,3.4784
8.4379,4.9636,3.4742
8.418,4.9394,3.4786
8.4109,4.9388,3.4721
8.4249,4.9361,3.4888
8.4192,4.9531,3.4661
8.4355,4.9574,3.4781
8.4181,4.9351,3.483
8.4226,4.9495,3.4731
8.4226,4.9418,3.4808
8.4274,4.9619,3.4654
8.4014,4.9412,3.4602
8.3825,4.9156,3.4668
8.3984,4.9348,3.4636
8.4166,4.9326,3.484
8.4015,4.9314,3.4701
8.4307,4.9605,3.4702
8.4088,4.9569,3.4519
8.4238,4.9545,3.4693
8.4108,4.9438,3.467
8.4209,4.9315,3.4893
8.4148,4.9473,3.4676
8.4157,4.9463,3.4694
8.3978,4.9275,3.4703
8.4059,4.937,3.4688
8.4142,4.9303,3.4838
8.4086,4.9352,3.4734
8.4002,4.9314,3.4688
8.3984,4.9409,3.4575
8.4048,4.9485,3.4564
8.4192,4.9593,3.4599
8.4,4.9282,3.4718
8.4083,4.9181,3.4902
8.4392,4.9492,3.49
8.4113,4.9461,3.4652
8.4116,4.9327,3.4789
8.4096,4.9339,3.4757
8.4022,4.93,3.4722
8.4299,4.9534,3.4765
8.4194,4.9268,3.4925
8.4196,4.9488,3.4709
8.4077,4.9289,3.4788
8.425,4.9361,3.4888
8.4121,4.9299,3.4822
8.4239,4.9455,3.4784
8.4045,4.9255,3.479
8.4208,4.9275,3.4934
8.4118,4.9352,3.4766
8.4055,4.9231,3.4823
8.4212,4.9566,3.4646
8.4141,4.9314,3.4827
8.4002,4.9388,3.4614
8.4275,4.9506,3.4769
8.417,4.9506,3.4664
8.431,4.9264,3.5045
8.4149,4.949,3.466
8.4136,4.9236,3.49
8.4233,4.9374,3.486
8.419,4.9238,3.4952
8.4155,4.9441,3.4714
8.401,4.9441,3.457
8.4202,4.9482,3.472
8.4239,4.9489,3.475
8.4136,4.9289,3.4847
8.4164,4.9589,3.4575
8.4115,4.9383,3.4732
8.4435,4.9503,3.4932
8.4056,4.9346,3.4711
8.4278,4.9537,3.4741
8.3919,4.9204,3.4715
8.3991,4.9223,3.4768
8.4067,4.939,3.4676
8.4197,4.9382,3.4815
8.406,4.9419,3.4641
8.4097,4.9445,3.4652
8.4277,4.9432,3.4846
8.4157,4.9341,3.4816
8.4181,4.954,3.4641
8.4379,4.9668,3.4711
8.4381,4.9452,3.493
