-0.0017938,0.0062913,0.008501,0.0077296,0.0077338,0.010478,0.015184,0.020012,0.028945
-0.0031625,0.0088457,0.018941,0.0061493,0.0075244,0.012163,0.019525,0.020892,0.030709
0.00354,0.0076997,0.011427,0.0039017,0.002098,0.0091214,0.01189,0.019829,0.021364
0.0020633,0.0064878,0.011745,0.0028897,0.008021,0.0080662,0.021901,0.019019,0.027421
-0.00085683,0.0030574,0.01346,0.0075512,0.0097216,0.011314,0.016143,0.021415,0.025186
0.0091987,0.0070123,0.0032186,0.0011885,0.006427,0.012068,0.015531,0.02283,0.026274
0.0032044,0.015164,0.0068258,0.0016531,0.0077345,0.01315,0.016268,0.02344,0.022981
0.0021609,0.006446,0.011321,0.0049876,0.0056478,0.0030117,0.013854,0.022012,0.025672
0.0019777,0.01481,0.0045009,0.0050197,0.0059599,0.016861,0.018526,0.020765,0.023647
-0.0027861,0.011297,0.0092203,-7.0167e-05,0.013904,0.013898,0.017327,0.022198,0.02236
-0.00092032,-0.002813,0.0091786,0.0045872,0.0063276,0.013678,0.022557,0.027457,0.030079
-0.0034149,0.0070544,0.0047025,0.0043132,0.0041532,0.012751,0.017363,0.023165,0.018844
0.0016139,0.0078717,0.0076471,0.0025371,0.0029986,0.010482,0.015123,0.02184,0.019368
0.00014678,0.006072,0.0028089,0.0070873,0.00090071,0.011986,0.0096511,0.022326,0.025124
0.002308,0.003803,0.0091004,0.0040496,0.0085315,0.0099463,0.015287,0.016879,0.022777
-0.0035397,0.0060166,0.005284,0.005111,0.0058033,0.013929,0.017936,0.022508,0.029208
0.002128,-0.0041805,0.011809,0.0040805,0.0038387,0.010761,0.016971,0.018734,0.017742
0.0020352,0.0081602,0.012404,0.0054154,0.0070089,0.0049987,0.016036,0.021433,0.027878
-0.0014861,0.0012726,0.010125,0.0019781,0.0070557,0.010239,0.015794,0.020319,0.027057
-0.0013588,0.0053942,0.01249,3.2319e-05,0.00054251,0.0097533,0.01623,0.018001,0.030117
-0.0043441,0.0061671,0.0083521,0.010035,0.0076568,0.0088497,0.013981,0.019121,0.022067
0.0027163,0.0070774,0.0094355,0.0012318,0.0062524,0.013333,0.016292,0.02162,0.019892
0.00121,0.0040478,0.0076789,0.0075658,0.0047206,0.011216,0.014282,0.026885,0.02797
0.0017422,0.0071605,0.0066376,0.0031214,0.012927,0.012183,0.012426,0.020502,0.023655
-0.0031695,0.0035173,0.0069553,-0.0021249,0.0011472,0.0072204,0.0085834,0.020243,0.020651
-0.00065696,0.0032706,0.0032094,-0.0013568,0.0051346,0.011612,0.013466,0.016778,0.027289
0.0015759,0.0034974,0.0035282,0.0020427,0.011829,0.0065761,0.013076,0.023107,0.02022
0.0044063,0.0051472,0.011776,0.0030313,0.0067823,0.0088447,0.018664,0.023688,0.024938
5.788e-05,0.010763,0.0057546,0.00067516,0.0076995,0.0083952,0.017478,0.017953,0.022903
0.0017233,0.0093073,0.005862,0.0065294,0.0092949,0.0086562,0.0098784,0.020836,0.027188
0.0049996,0.0064505,0.011896,0.0065533,0.0078717,0.010997,0.01338,0.021878,0.033696
0.00029663,0.0041932,0.004357,0.0043515,0.0089113,0.0087147,0.01681,0.021806,0.021672
0.0035703,0.0048382,0.010745,0.00036817,0.0065454,0.010707,0.014298,0.017749,0.023189
0.0013395,0.003308,0.0117,-0.00017338,0.0024938,0.009125,0.018692,0.016684,0.026538
0.000444,0.0068834,0.0019416,0.0026694,0.011652,0.0099364,0.017993,0.026391,0.021351
-0.0022036,0.010395,0.010222,0.0096817,0.010038,0.010839,0.016199,0.023168,0.027397
0.0039686,0.012197,0.0092097,0.0030529,0.011487,0.012919,0.011115,0.020671,0.019909
-0.0022417,0.004792,0.0083221,0.0089156,0.0076827,0.015639,0.020303,0.020583,0.026539
0.0047451,0.0053094,0.013065,0.0036455,0.0084225,0.0076586,0.016863,0.025118,0.024317
0.0018803,0.0045235,0.0054917,0.0063336,0.0061695,0.011491,0.018266,0.019481,0.026096
-0.0031374,0.0061909,0.0090504,0.0092563,0.013575,0.017847,0.022359,0.022285,0.024189
-0.0031715,0.0093526,0.0077689,-0.00047743,0.0096642,0.01247,0.017703,0.02428,0.025128
0.005654,0.0041518,0.0058033,-0.0013252,0.0073889,0.0089288,0.0087989,0.017247,0.022644
-0.0044576,-0.0012704,0.0073006,-0.0019218,0.0044153,0.010157,0.016752,0.025128,0.025346
-0.0048327,0.0092917,0.01577,0.0046182,0.0001437,0.015914,0.020561,0.024398,0.020613
0.0018609,0.00069138,0.0094964,0.0089796,0.012625,0.011611,0.015298,0.019783,0.026161
-0.0029936,0.0082257,0.0093274,0.0082466,0.0090851,0.011917,0.019042,0.026656,0.021249
0.0077389,0.011665,0.0090038,0.0061355,0.0093323,0.017651,0.017573,0.027388,0.024602
-0.001675,0.0067813,0.0097381,0.0018267,0.0046128,0.010818,0.017891,0.019414,0.023322
0.0023234,0.0046669,0.0067491,0.0045463,0.0016397,0.0064481,0.015674,0.023254,0.025602
-0.0011119,0.0041871,0.0086765,0.0031341,0.0029177,0.0090289,0.0099721,0.020591,0.027893
0.0028986,0.0010605,0.010358,0.0052719,0.0070382,0.0063817,0.017171,0.026083,0.026645
0.0073337,0.00059572,0.012944,-0.0021565,0.0047814,0.0075023,0.017266,0.026543,0.021853
0.0029676,0.011307,0.0081841,0.0039254,0.014487,0.011052,0.0088089,0.018053,0.025693
-0.0060645,0.0069519,0.0043233,0.0028856,0.0071023,0.0068955,0.01925,0.023054,0.019828
0.0051471,0.0022312,0.010656,0.01246,0.0043133,0.012501,0.016217,0.016496,0.028873
0.0047191,-0.00024311,0.010511,0.0075203,0.0081104,0.0061143,0.015735,0.023719,0.024481
0.0017925,-0.0012761,0.0098276,0.0098166,0.0033942,0.010677,0.017806,0.01451,0.023949
0.00042487,0.0067744,0.0086033,0.0031769,0.0088671,0.010381,0.017027,0.013341,0.023772
0.0030025,0.01119,0.0081601,0.003552,0.0088421,0.0077071,0.015964,0.017878,0.026651
0.0040826,0.0085895,0.0072738,0.005421,0.0072337,0.01048,0.020929,0.021551,0.022418
-0.0049592,0.0064912,0.0092252,0.0069005,0.0090707,0.011338,0.020594,0.018794,0.020786
-0.001595,0.011725,0.0093854,0.0043896,0.0062877,0.017578,0.015964,0.024912,0.02242
0.0068723,0.0088328,0.0047757,0.0049111,0.0039306,0.0062602,0.013773,0.021908,0.025322
0.01005,0.0038212,0.005226,0.0025813,0.005446,0.013251,0.016994,0.022849,0.027912
-0.0032766,0.0061573,0.011876,0.0038746,0.0072389,0.013197,0.015823,0.018356,0.027823
0.0007776,0.0065787,0.011692,0.0073381,0.0066806,0.011726,0.015474,0.01985,0.027705
0.00038029,0.004303,0.010204,0.0011881,0.0076882,0.0068407,0.016108,0.018066,0.02223
0.0015265,0.0012309,0.0075565,0.0051381,0.0074991,0.010193,0.014308,0.016313,0.021594
-0.0034988,0.010634,0.0069818,0.0021253,0.0041578,0.011076,0.015997,0.01669,0.023223
-0.0014013,0.0060866,0.011149,0.0087966,0.0078662,0.0075148,0.013519,0.016048,0.022447
0.003737,0.0066671,0.0055194,0.0017016,0.0073434,0.011131,0.01482,0.013611,0.030277
0.003901,0.010493,0.0086195,0.0058962,0.0074543,0.01586,0.012832,0.023749,0.021608
0.0025424,0.0013795,0.0094456,0.0018792,0.0070122,0.0097534,0.018315,0.019915,0.02276
0.001309,0.00094538,0.006469,0.0056485,0.0061571,0.007315,0.01723,0.023158,0.023923
0.00065389,0.0029391,0.0063132,0.0077024,0.0095131,0.0035058,0.006047,0.025446,0.022797
0.0059065,0.0070584,0.0059434,0.0094327,0.0030863,0.011221,0.018596,0.019042,0.021473
-0.0047904,0.0063066,0.0070061,-0.00016262,0.0078565,0.010258,0.018552,0.025219,0.028624
-0.0034268,0.0060708,0.0058341,0.0044458,0.0090018,0.0068926,0.018626,0.021598,0.022192
-0.00013458,0.0043891,0.012719,0.0074487,0.0063457,0.0097823,0.015788,0.016816,0.025994
-0.0007342,0.0088931,0.0045775,0.00163,0.0058289,0.0067295,0.013392,0.020407,0.023142
0.0027754,0.0053286,0.014644,0.0059726,0.0066887,0.0086183,0.017448,0.029124,0.026668
0.0016008,0.0053397,0.0093008,0.0026756,0.0011899,0.011602,0.015045,0.019295,0.029006
0.0015714,0.0075198,-0.0014579,0.0043801,0.0059046,0.014783,0.017681,0.02349,0.019556
0.0049134,0.0037878,0.0063672,0.0050159,0.0037835,0.0033908,0.02533,0.021809,0.021583
-0.004013,0.0075391,0.0066118,0.0018578,0.0097506,0.01321,0.020055,0.019194,0.025261
-8.2916e-06,0.0065564,0.013394,0.008432,0.010384,0.014641,0.01331,0.021741,0.022926
-0.0040152,0.0014742,0.0099395,0.0024055,0.0087637,0.012121,0.016821,0.026764,0.027239
-0.00096329,0.0097792,0.0071749,0.0024955,0.0042287,0.013529,0.012953,0.016748,0.03033
0.0005201,-0.00077006,0.0089428,0.0037157,0.0078406,0.0099123,0.018036,0.021758,0.026408
-0.0018494,0.0077818,0.0060687,0.0017165,0.0061939,0.01418,0.01274,0.022957,0.020625
-0.00064932,0.011629,0.0054411,0.01167,0.0087248,0.008695,0.018058,0.016835,0.025161
0.002264,0.0045098,0.0065867,0.0074848,0.0065745,0.013693,0.013898,0.021171,0.029335
0.0027853,0.012901,0.0068554,0.0012416,0.0050102,0.021013,0.017622,0.023002,0.028214
-0.0034725,0.0059846,0.0072013,0.007975,0.0057721,0.0068123,0.011452,0.017413,0.023371
-0.0063948,0.0040494,0.0076108,0.00032479,0.0081809,0.01141,0.01833,0.017985,0.025228
-0.0026295,0.0058009,0.0036721,0.0070054,0.0049618,0.010482,0.017826,0.023242,0.030988
-0.0034312,0.0078894,0.0085372,0.0091458,0.0086101,0.010289,0.015812,0.017055,0.021389
-0.01089,0.0093379,0.0082203,0.0022405,-0.00099414,0.018503,0.012119,0.021811,0.026904
-0.00096199,-0.00042805,0.00020439,0.00080179,0.0080782,0.0096079,0.014898,0.021363,0.03026
