-0.0021106,-0.0054706,0.018283,0.019042,0.005372,0.0286,0.037179,0.027798,0.041944
-0.0045551,0.010452,0.022849,0.026626,0.025349,0.043038,0.038184,0.054276,0.053078
0.0065029,-0.0068798,0.01626,0.0079571,0.0075618,0.034709,0.05031,0.034594,0.035699
-0.00099304,0.0019849,0.019668,0.020688,0.016301,0.038248,0.025705,0.029597,0.040151
0.017326,0.01031,0.033456,0.032439,0.017672,0.023949,0.029583,0.033976,0.042334
-0.01047,0.010467,0.014082,0.013805,0.029712,0.022687,0.037619,0.041688,0.043723
-0.00019775,0.0095719,0.015064,0.011638,0.0079509,0.033857,0.031321,0.034192,0.046242
0.0064374,0.0045025,0.0095203,0.00041696,0.0164,0.034052,0.02701,0.049721,0.04415
0.0036461,0.0073191,0.020879,0.0051202,0.030577,0.011488,0.029257,0.038571,0.036424
-0.00098158,0.0077555,0.027702,-0.0023867,0.018023,0.021573,0.053945,0.040456,0.042289
0.030231,0.005029,0.0056591,0.0077469,0.0074154,0.016882,0.027613,0.047677,0.049586
0.0011037,0.00015417,0.017885,0.0079362,0.029417,0.033487,0.063429,0.018048,0.045409
-0.010361,0.015183,0.017782,0.01755,0.015192,0.044037,0.045559,0.053565,0.040716
0.0011002,0.03005,0.01526,-0.014819,0.018501,0.026202,0.048816,0.056409,0.044905
-0.0057193,-0.0060491,0.01071,0.0075392,0.010259,0.039901,0.047384,0.047581,0.060397
-0.0029898,0.022252,0.0088623,0.010756,0.018447,0.024393,0.036217,0.034361,0.042712
0.00025794,0.020946,0.0070958,-0.010408,0.028148,0.021338,0.050945,0.053816,0.041907
-0.0039278,0.0057495,0.029757,0.022343,0.014785,0.018394,0.04003,0.042453,0.045826
0.013807,-0.0084082,0.022115,0.017908,0.019639,0.024351,0.020423,0.04379,0.053817
0.0089968,0.018939,0.0012456,0.0039348,0.0068049,0.0085217,0.028847,0.044239,0.028384
-0.0021778,0.0087853,0.009111,0.01879,0.03548,0.026162,0.040866,0.042998,0.050761
0.0077579,0.0057188,0.0092961,0.015911,0.02592,0.031132,0.058324,0.068628,0.051409
0.010274,0.01754,0.0075806,0.001458,0.025014,0.030947,0.033224,0.04231,0.047283
-0.015273,0.0031695,0.020336,0.0043293,0.0073167,0.022383,0.037246,0.026053,0.05057
0.0059327,0.017193,0.018822,0.015936,0.00016271,0.033172,0.041647,0.036497,0.039144
0.0072079,-0.0083001,0.031272,0.0082726,0.0046835,0.021349,0.03441,0.038411,0.054218
-2.7806e-05,-0.007659,0.017388,0.0076536,0.01885,0.034076,0.037274,0.05894,0.065702
0.0086978,-0.013047,0.013977,0.019596,0.0216,0.025075,0.028302,0.018398,0.037356
0.012815,0.0062608,0.0086764,0.0155,0.0091204,0.043227,0.036704,0.03038,0.033269
-0.0025609,0.036481,0.011806,0.025331,0.022669,0.034299,0.014663,0.032799,0.04891
0.016472,0.0045122,0.015896,0.021961,0.02113,0.031835,0.045497,0.045351,0.049652
-0.0017824,0.0041965,0.010236,0.013207,0.026698,0.023018,0.030434,0.033161,0.043539
-0.0041398,-0.0080411,0.0090843,0.012928,0.013649,0.024317,0.035289,0.028391,0.036188
0.0082335,0.013716,0.018223,0.0029574,0.025739,0.036745,0.017069,0.029046,0.062957
0.0074638,-0.009464,0.011341,0.021234,0.022408,0.036243,0.044422,0.050013,0.04934
0.014845,0.0034565,0.016691,0.011559,0.034395,0.035063,0.024874,0.049629,0.038154
-0.0039667,0.0033831,0.012567,0.010315,0.033914,0.0066874,0.028264,0.050511,0.01677
-0.00015148,0.013122,0.0052323,0.015323,0.020277,0.034092,0.028682,0.042992,0.051165
0.0071527,0.0011238,0.0013079,0.020171,0.019,0.028536,0.0252,0.025963,0.032541
-0.015778,-0.006639,0.013013,0.01988,0.027845,0.040789,0.02083,0.034647,0.076055
-0.0058919,0.012837,0.019698,0.013808,0.026862,0.017604,0.053357,0.032624,0.048363
-0.00013761,-0.0055048,0.022436,0.0091889,0.016984,0.022662,0.027654,0.040457,0.033624
-0.012694,0.011451,0.0066448,0.011834,0.015689,0.018694,0.036877,0.0445,0.026174
0.0024391,0.0042264,0.0014863,-0.0048794,0.030554,0.045883,0.041663,0.048968,0.048704
0.0024805,0.0089893,0.025083,0.014042,0.01981,0.017077,0.031241,0.042559,0.035987
0.0062039,0.0089498,0.012987,0.0044362,0.047097,0.019048,0.013355,0.052186,0.0546
-0.011708,0.010805,0.012876,0.0040709,0.023533,0.027162,0.03866,0.024017,0.045601
0.011798,0.0090366,0.0045858,-0.0037253,0.0036502,0.032761,0.027813,0.048309,0.038178
0.024847,0.014271,0.025335,0.0070851,0.01812,0.018701,0.045907,0.046071,0.040234
-0.0066946,0.012458,0.022515,0.010115,0.012124,0.028237,0.017648,0.042172,0.045311
-0.018782,0.013536,0.017052,0.019725,0.035579,0.020456,0.034543,0.046881,0.052339
0.010299,-0.0039624,0.022573,0.0020797,0.011874,0.024877,0.026608,0.025972,0.033881
0.025921,0.013459,0.0215,0.020045,0.043145,0.028774,0.033436,0.046242,0.047423
0.0212,0.010595,-0.0038094,0.011493,0.02457,0.037571,0.056236,0.034502,0.042066
0.00032382,0.013787,0.024407,0.0097421,-0.00013399,0.022244,0.05693,0.049317,0.051788
-0.0048736,0.0053658,0.034198,0.01381,0.013837,0.024878,0.037099,0.03486,0.032636
0.0065426,0.014037,0.026515,0.0068666,0.011666,0.029683,0.029501,0.04085,0.027998
0.00065374,0.010361,0.030712,0.0009054,0.025205,0.033745,0.042309,0.060487,0.039001
0.005627,0.035536,0.0052167,0.01982,0.027961,0.027603,0.035822,0.039911,0.037452
0.018812,0.017315,0.0019046,0.022249,0.016083,0.038253,0.032307,0.050874,0.04067
-0.0025917,-0.0029654,-0.011115,0.021906,0.029581,0.024409,0.0475,0.045143,0.050825
-0.0012234,0.013065,0.007981,0.018171,0.02476,0.023906,0.018019,0.045759,0.052701
-0.013234,0.0076719,0.031763,0.012233,0.017452,0.038195,0.029522,0.045669,0.051901
0.0010633,-0.0054681,0.01223,0.022991,0.022699,0.034565,0.036787,0.048016,0.027539
-0.011535,0.011601,0.032362,0.010949,0.020755,0.0027213,0.041672,0.04025,0.055651
-0.016928,0.014391,0.011665,0.021198,0.023543,0.019129,0.049078,0.036095,0.07735
0.00099567,-0.00094241,0.031818,0.012782,0.026867,0.036755,0.020798,0.038131,0.044268
0.012452,0.028037,0.048257,0.0065471,0.020699,0.031847,0.030874,0.045926,0.04681
0.011431,0.010124,0.015833,0.028122,0.022388,0.031353,0.031585,0.050704,0.048209
0.0054416,0.032071,0.015542,0.017782,0.004083,0.026332,0.01959,0.036836,0.040804
-0.0088458,0.016673,0.015567,0.023111,0.016543,0.031984,0.041655,0.032602,0.043421
-0.00098503,0.0016638,0.012143,-0.0054715,0.036438,0.021922,0.045262,0.049919,0.060407
-0.0068796,0.00020011,0.01685,0.017138,0.033418,0.021877,0.027943,0.039808,0.038419
0.0070806,0.016812,0.0099372,0.024523,0.021522,0.033598,0.045299,0.040728,0.054065
0.0066353,0.013637,0.011905,0.031884,0.0129,0.019742,0.030103,0.032348,0.036147
0.010668,0.006025,0.010933,0.0048647,0.025247,0.0020325,0.026254,0.03523,0.051954
-0.0034544,0.002532,0.024901,0.0077642,0.01744,0.0071205,0.045119,0.047307,0.062403
0.01742,0.01976,0.03865,0.03049,0.039858,0.037277,0.053515,0.036904,0.046453
0.011872,0.017374,0.0023278,0.011481,0.02028,0.034416,0.041218,0.044753,0.041951
0.0060568,0.0009598,0.025813,0.016716,0.032582,0.024578,0.048152,0.05703,0.039005
0.01264,0.0062061,0.015879,0.018423,0.025626,0.045783,0.016105,0.046851,0.043039
-0.017362,-0.0066062,0.022415,0.011377,0.031997,0.033234,0.036181,0.027262,0.039183
0.0090951,-0.0098047,0.013072,0.011668,0.010431,0.032116,0.042943,0.043308,0.040126
0.0011499,0.019519,0.010333,0.022989,0.02169,0.026457,0.036658,0.065894,0.028377
-0.010205,0.014507,0.026138,0.017687,0.015673,0.023044,0.025595,0.028095,0.049731
0.011472,0.022046,-0.0047394,0.028449,-0.0001871,0.023849,0.038178,0.038482,0.049563
-0.0031988,0.0027755,0.016509,0.01184,0.025067,0.040189,0.034069,0.051568,0.071009
0.0097718,0.013454,0.028631,0.0088934,0.029668,0.02453,0.036964,0.029502,0.037029
-0.0039162,0.013785,0.029102,0.0093978,0.020479,0.022555,0.022505,0.053555,0.047481
-0.012223,0.010696,0.0097034,0.0078132,0.018673,0.015559,0.032841,0.027546,0.046944
-0.0028448,0.0073568,0.029149,0.012931,0.028063,0.019715,0.039636,0.051614,0.051401
-0.007612,0.004437,0.0064164,0.0083706,0.038753,0.040445,0.045965,0.05656,0.056936
-0.0079916,0.0014103,0.027578,0.011398,0.049945,0.017095,0.035352,0.051131,0.073413
0.0071283,0.033734,0.041379,0.0054441,0.01684,0.028466,0.039588,0.056979,0.059667
-0.002334,0.030054,0.020139,0.012021,0.030491,0.020963,0.040832,0.047702,0.043988
-0.0084573,0.00011359,0.014443,0.012691,0.01576,0.036722,0.043734,0.037419,0.047495
0.0034642,0.0054124,0.0035417,0.024883,0.032256,0.048427,0.026234,0.046084,0.054261
0.018158,-0.013157,0.019359,0.020523,-0.0030873,0.02495,0.017613,0.040973,0.05967
0.0028164,0.016594,0.011514,0.036907,0.014104,0.024167,0.020094,0.017518,0.056727
0.019174,0.02786,0.043464,0.0088671,0.0082961,0.026127,0.023867,0.03405,0.046439
