0.020375,0.06112,0.063007,0.024342,0.15274,0.1627,0.12703,0.1589,0.14445
-0.010032,0.062433,0.024598,0.1038,0.0541,0.106,0.12492,0.15186,0.17352
0.0095646,0.088875,0.10542,0.015662,0.094721,0.092334,0.12401,0.16787,0.20915
-0.039882,-0.038681,0.039178,0.12303,0.15396,0.11721,0.14252,0.19426,0.21519
-0.013235,0.041576,0.012683,0.063087,0.068712,0.11764,0.15041,0.17657,0.17292
0.029976,0.043417,0.078773,0.11864,0.08786,0.076689,0.16409,0.11205,0.13829
0.067389,-0.019063,0.065225,0.060528,0.11801,0.087668,0.11557,0.12553,0.13365
0.040802,0.043978,0.043006,0.10489,0.054757,0.11431,0.12745,0.18339,0.16442
0.069715,0.047477,0.06863,0.035566,0.070067,0.1165,0.13441,0.19432,0.15543
0.029451,0.034057,0.026638,0.023127,0.077409,0.1131,0.12387,0.13388,0.14136
0.03705,0.043235,0.066491,0.050322,0.050699,0.044067,0.095657,0.15106,0.11268
0.012038,-0.0003872,0.085484,0.10869,0.046896,0.12298,0.15797,0.16444,0.17181
-0.013953,0.0011029,0.032538,0.09228,0.070132,0.21916,0.13158,0.18363,0.14455
-0.010433,0.11649,0.10145,0.041823,0.045279,0.088969,0.13028,0.1798,0.14657
0.034683,-0.022506,0.035578,0.070513,0.11333,0.16767,0.15916,0.15916,0.13043
0.073597,0.03525,0.076544,0.12926,0.09047,0.095436,0.12251,0.12485,0.14818
-0.013583,0.049482,0.035831,0.056132,0.12637,0.10124,0.16342,0.15163,0.11197
0.0080658,0.057505,0.030683,0.048933,0.077659,0.032916,0.088143,0.14358,0.14896
0.010982,0.0018262,0.043895,0.064602,0.1023,0.1331,0.1101,0.20674,0.13553
-0.008572,0.043924,0.031799,0.071528,0.096336,0.095509,0.14377,0.17679,0.1471
-0.00066573,0.012148,0.028716,0.047334,0.086051,0.056902,0.13569,0.079675,0.12677
-0.058349,-0.038987,0.080424,0.064884,0.066977,0.11556,0.1137,0.093676,0.14956
0.0041441,0.079671,0.13073,0.10758,0.16087,0.1222,0.19583,0.17992,0.15432
0.010431,0.064816,0.12006,0.018716,0.10335,0.071511,0.075609,0.063232,0.14679
0.0054007,0.010384,0.078403,0.091713,0.071877,0.072855,0.10956,0.10666,0.096894
0.015544,0.046938,0.057723,0.046821,0.15052,0.14801,0.20488,0.1542,0.15793
-0.018506,0.087755,0.082739,0.07605,0.071798,0.1089,0.1048,0.12207,0.1477
0.077571,-0.042338,0.090483,0.088442,0.084749,0.076129,0.18591,0.12782,0.12147
0.030209,0.049863,0.060508,0.04288,0.048694,0.14298,0.16498,0.19257,0.14358
0.0422,0.08053,0.054611,0.074042,0.080703,0.16138,0.13317,0.10406,0.20799
-0.02673,-0.0064689,0.08991,0.034651,0.10413,0.11134,0.159,0.16319,0.18522
-0.023176,0.013458,0.066136,0.037314,0.16878,0.097213,0.06484,0.14053,0.15288
0.026845,0.055485,0.0095891,0.04069,0.1232,0.068216,0.16857,0.11567,0.1954
-0.0049938,0.07918,-0.015615,0.052213,0.070364,0.12207,0.16078,0.189,0.19802
-0.010065,0.061664,0.035767,0.029202,0.12251,0.14343,0.14451,0.19074,0.1841
0.029651,0.041221,0.10795,0.072736,0.026719,0.11941,0.12324,0.14488,0.18395
0.040177,0.010095,0.09465,0.029625,0.095803,0.12646,0.15235,0.21491,0.14567
0.022878,0.018236,0.043815,0.10421,0.10126,0.13804,0.11683,0.1601,0.15464
0.035721,0.041647,0.053219,0.1262,0.068618,0.11494,0.12025,0.16467,0.1486
0.096955,-0.0011837,0.089826,0.081372,0.091242,0.13959,0.090335,0.1757,0.15331
0.011033,0.018048,0.01682,0.10911,0.064047,0.13866,0.17988,0.13746,0.17898
0.027252,0.012377,0.048155,0.070418,0.094144,0.13063,0.17486,0.12038,0.13794
-0.007285,0.016777,0.01354,0.084743,0.059979,0.10731,0.17551,0.12315,0.17158
-0.038809,0.024861,0.10574,0.11356,0.068209,0.14135,0.12633,0.17123,0.184
0.031015,0.034664,0.057528,0.1349,0.10825,0.11869,0.20517,0.21283,0.22771
0.031885,0.037743,0.05313,0.13662,0.12908,0.10932,0.19039,0.12439,0.15789
-0.029411,0.042696,0.045001,0.096455,0.1411,0.13385,0.10313,0.2112,0.13103
0.024068,0.0013421,0.052901,0.054796,0.092437,0.15012,0.15438,0.18252,0.10159
0.034971,0.098448,0.06001,0.065559,0.15142,0.089505,0.18188,0.137,0.18594
0.019041,0.051217,0.030152,0.1078,0.13912,0.15101,0.16394,0.13664,0.11373
0.053876,0.037462,0.0072854,0.051071,0.046787,0.13016,0.13827,0.14832,0.23471
0.025181,0.040828,0.016673,0.047355,0.081059,0.12343,0.1914,0.13367,0.18527
0.047252,0.037063,0.09287,0.13617,0.084332,0.14348,0.14999,0.15795,0.13488
-0.050931,0.039878,0.049747,-0.0071833,0.13773,0.14374,0.12881,0.097198,0.19324
0.021175,0.039221,0.053071,0.083833,0.1121,0.085979,0.16475,0.16327,0.10755
0.0092276,0.0064122,0.052003,0.092437,0.11355,0.13358,0.11711,0.16814,0.15495
0.0091601,0.013122,0.020181,0.10415,0.028637,0.13448,0.17921,0.21955,0.16031
0.024249,-0.0053143,0.006283,0.070479,0.098779,0.1724,0.12954,0.18307,0.22554
0.070284,0.052805,0.098558,0.057593,0.12998,0.088537,0.16593,0.13186,0.12158
0.065885,0.06807,0.026646,0.059326,0.093048,0.11353,0.10636,0.13013,0.16866
0.013087,0.071337,0.074746,0.043701,0.099676,0.16023,0.091589,0.13923,0.18276
0.018379,0.024883,0.068608,0.07989,0.10998,0.1,0.14551,0.13549,0.14734
0.062117,0.073566,0.04611,0.11845,0.081964,0.15516,0.14647,0.15626,0.25516
0.016536,-0.0039554,0.12736,0.071643,0.0632,0.15769,0.11599,0.17108,0.18844
0.0081986,0.034877,0.092664,0.094088,0.089265,0.11772,0.091979,0.18015,0.12192
0.033037,0.00095018,0.066457,0.090375,0.028264,0.077788,0.1245,0.17014,0.19922
0.021352,0.090778,0.029785,0.092186,0.066547,0.1448,0.11486,0.1639,0.13623
0.0091236,0.057212,0.048217,0.068561,0.10631,0.098436,0.12426,0.15415,0.16564
0.045778,-0.025231,0.10462,0.075894,0.11068,0.079723,0.13023,0.17238,0.23087
0.00035548,0.058047,0.089469,0.069626,0.11648,0.16048,0.13153,0.22541,0.17872
-0.053772,-0.0062121,0.043697,0.1211,0.058748,0.15011,0.13029,0.15985,0.15626
0.050228,0.00010119,0.12514,0.089929,0.079506,0.19402,0.15547,0.16817,0.09074
-0.026186,0.041776,0.10729,0.10657,0.17358,0.077687,0.12988,0.12239,0.21453
-0.0075774,0.093068,0.039027,0.095056,0.12707,0.17937,0.14568,0.28504,0.18314
-0.066708,0.021724,0.054905,0.067855,0.11857,0.14297,0.12991,0.15977,0.19836
-0.014996,0.071217,0.025575,0.096825,0.10726,0.13622,0.11671,0.14988,0.13551
-0.035302,0.024966,0.13053,0.059723,0.098996,0.18288,0.11608,0.14345,0.14933
0.079865,0.029238,0.0176,0.080016,0.034021,0.12684,0.12218,0.1558,0.12269
0.064361,0.059301,0.07435,0.075511,0.061296,0.15361,0.12028,0.18039,0.14343
0.10336,0.053706,0.00516,0.1459,0.07353,0.11969,0.187,0.19436,0.14518
-0.0080272,0.043068,0.094875,0.072244,0.066954,0.12447,0.1228,0.1608,0.20435
0.047181,0.05768,0.046306,0.11066,0.042196,0.082064,0.19896,0.12605,0.19433
-0.0013739,0.036546,0.095549,0.038135,0.047976,0.11096,0.13766,0.12147,0.14897
-0.00633,0.059742,0.078421,0.075742,0.069588,0.12065,0.23167,0.11993,0.15437
0.052639,0.026109,0.07105,0.066981,0.10105,0.083336,0.097368,0.21797,0.18701
0.055887,0.050076,0.1092,0.089959,0.052993,0.077303,0.14873,0.13045,0.11406
0.0027766,0.062568,0.046993,0.058813,0.095336,0.15028,0.16207,0.12534,0.099945
0.032823,0.031379,0.00741,0.057182,0.050713,0.12767,0.21459,0.19122,0.17689
-0.01941,0.049484,0.057359,0.029348,0.083797,0.17481,0.15765,0.16585,0.11928
0.008424,0.076667,0.085092,0.084386,0.10154,0.12195,0.10835,0.19299,0.11819
-0.00025967,0.036509,0.057434,0.065007,0.17057,0.14987,0.14019,0.22207,0.17196
0.048521,0.062563,0.062316,0.10163,0.02793,0.10568,0.15265,0.13927,0.10637
0.020245,0.054065,0.080368,0.066702,0.12589,0.12159,0.13673,0.16474,0.15746
0.053633,0.083909,0.064512,0.062123,0.091364,0.18333,0.10219,0.14233,0.16837
-0.049055,0.064452,-0.0077485,0.081374,0.086728,0.076599,0.16618,0.15091,0.10362
-0.013307,0.076164,0.059372,0.10675,0.06704,0.11951,0.089794,0.13804,0.14409
-0.0019163,0.04572,0.050144,0.1131,0.12733,0.048549,0.16192,0.17313,0.17574
0.032275,-0.023064,0.061912,0.048348,0.081334,0.14447,0.14211,0.15978,0.17698
0.027642,0.074914,0.070758,0.054804,0.10726,0.071516,0.091084,0.1085,0.15911
-0.0084055,0.052554,0.030547,0.086468,0.10216,0.12221,0.12918,0.19505,0.15456
