0.00049476,0.0082369,0.0036464,0.0047133,0.031325,0.032303,0.04738,0.064228,0.041189
0.00079154,-0.0018065,-0.00019964,-0.0091108,0.019392,0.039143,0.035458,0.029692,0.0501
0.0095801,0.029582,0.0076339,0.0025743,0.0084962,0.019458,0.026372,0.034061,0.046565
0.018964,0.0047459,0.015759,0.0089622,0.020927,0.019782,0.048312,0.045198,0.056411
0.021485,0.012022,-0.0016806,0.012821,0.018302,0.012436,0.035996,0.045015,0.038798
0.0024966,0.026647,0.018719,0.0061712,0.0060039,0.040252,0.046453,0.040469,0.056491
-0.018697,-0.0057979,0.020505,0.022119,0.011164,0.0047274,0.032415,0.041275,0.052879
0.0060886,0.0025915,0.013103,0.0016925,0.013487,0.027611,0.027876,0.034327,0.050903
0.0043311,0.017939,0.017663,0.018306,0.031297,0.024312,0.049331,0.038319,0.052751
0.0081145,0.011201,0.001653,0.012,0.018995,0.053043,0.040653,0.050564,0.043507
-0.0072559,-0.0044284,0.0056224,0.014994,0.021404,0.033843,0.042213,0.046779,0.065506
-0.0034671,0.014027,-0.0093279,0.01232,0.026309,0.036714,0.027378,0.038439,0.054682
-0.0022376,0.020743,0.021582,0.016837,0.023915,0.018784,0.036403,0.03336,0.067965
0.0021581,-0.0083327,0.0052692,0.017965,0.0083809,0.031198,0.047705,0.048909,0.043834
-0.013817,0.0059097,0.010762,0.011937,0.024021,0.018361,0.035123,0.040249,0.04371
0.019485,0.0072725,0.0062515,0.017981,0.020137,0.026631,0.049497,0.036452,0.053662
-0.0003452,0.0037775,-0.0011967,0.013815,0.012227,0.0192,0.034565,0.046867,0.05401
-0.019312,0.0015092,-0.0094749,0.016782,0.023033,0.023743,0.051484,0.036922,0.04236
0.017995,0.0050573,0.020936,0.016949,0.018037,0.028418,0.04042,0.058548,0.055558
0.0072388,-0.004674,0.011124,0.0061934,0.025184,0.02882,0.03617,0.060135,0.042564
-0.0041821,0.025299,0.00071003,0.008097,0.019869,0.020342,0.046977,0.042043,0.05702
-0.0034861,2.1854e-05,0.011545,0.016752,0.011285,0.010199,0.030741,0.03924,0.0491
-0.01432,0.012194,0.013143,0.025305,0.019838,0.033181,0.048347,0.037991,0.043042
0.002604,0.0037837,0.0097326,0.013815,0.039434,0.046912,0.060052,0.037866,0.035692
0.018646,-0.0075259,0.012586,0.011354,0.019293,0.018999,0.052252,0.056887,0.045901
0.00067272,-0.0052671,0.014871,-0.0057608,0.030474,0.033828,0.049374,0.047049,0.048535
0.01216,0.0044994,0.015006,0.0070855,0.031201,0.027128,0.030114,0.06107,0.043342
0.0087045,0.0041124,0.0083041,0.030488,0.026137,0.030395,0.037999,0.048371,0.050672
-0.00076119,-0.0015291,0.021494,0.0092014,0.032974,0.038517,0.040916,0.045148,0.052908
0.01638,0.0068139,-0.0010098,0.027972,0.027371,0.027205,0.038277,0.056866,0.044524
-0.014982,0.00042995,0.034676,0.015914,0.012767,0.026538,0.042025,0.036906,0.053217
0.0016618,0.004256,0.012867,-0.0034267,0.029893,0.037268,0.055484,0.04237,0.054141
-0.012641,0.016634,0.012606,0.010857,0.025347,0.024844,0.038911,0.038592,0.038573
-0.0078132,0.008529,0.017777,0.0046392,0.027107,0.033441,0.025442,0.048254,0.029933
0.0071695,0.00077614,0.019693,0.00022468,0.019571,0.045501,0.037418,0.035834,0.053803
-0.00048017,0.014571,-0.0063896,0.0092042,0.034242,0.020241,0.034784,0.037517,0.051717
-0.0005143,0.011001,0.0047841,0.031245,0.025028,0.025554,0.035959,0.03335,0.04303
0.0054616,-0.00085932,2.2886e-05,0.024454,0.03317,0.028541,0.030269,0.063534,0.04665
-0.0045054,0.016562,0.0014399,0.010488,0.017255,0.023281,0.047876,0.03758,0.063396
-0.015973,0.012131,0.014022,0.0048228,0.022117,0.017234,0.046436,0.054153,0.031153
-0.0012205,0.00282,-0.0023037,0.0057341,0.034926,0.035726,0.0258,0.050542,0.031629
0.012209,0.0065703,0.0011515,0.021829,0.013702,0.030859,0.036624,0.024839,0.051528
-0.0088092,0.0083058,0.025075,0.019951,0.018069,0.0264,0.042664,0.037849,0.046956
-0.0071751,-0.0020717,0.016107,0.028572,0.037871,0.020408,0.031109,0.03953,0.035282
0.0086542,0.010676,0.028897,0.012897,0.035472,0.008301,0.029171,0.052073,0.056503
-0.019574,1.9023e-05,0.015134,0.013534,0.030931,0.027842,0.02075,0.044859,0.055039
0.0095488,0.022468,0.010942,0.013982,0.03066,0.020169,0.027286,0.063443,0.043552
-0.023755,0.0087306,0.0035672,0.012491,0.027008,0.028536,0.025145,0.072434,0.06373
0.016615,-0.0068254,0.026186,0.015809,0.020472,0.020084,0.046978,0.042126,0.044045
-0.0086754,0.012953,0.00099301,-0.0012293,0.006982,0.031463,0.039629,0.035204,0.046712
-0.0015708,0.01305,0.0098303,0.012088,0.026644,0.020049,0.050736,0.040119,0.054792
0.01865,0.021378,-0.0063442,0.023913,0.022539,0.032115,0.044251,0.046036,0.043438
0.0098825,0.0083794,0.021747,0.018772,0.014911,0.024739,0.032562,0.03802,0.045843
0.0077293,0.0015525,0.016236,0.011093,0.018177,0.021668,0.02626,0.054182,0.054722
0.0028501,-0.0080682,-0.0040774,0.0036665,0.016351,0.025594,0.025772,0.055335,0.054228
0.01508,0.011038,-0.0025761,-0.0090334,0.011003,0.029463,0.037393,0.06045,0.046817
0.0059138,-0.0025397,0.023215,0.017034,0.019201,0.029856,0.037272,0.054787,0.049746
0.003412,-0.0047579,0.0028918,0.018739,0.028039,0.018768,0.045493,0.063644,0.039511
-0.0033007,0.019261,0.0015851,0.024542,0.029927,0.037146,0.042441,0.043817,0.056068
-0.010958,0.028064,0.010172,0.0057185,0.00073155,0.022909,0.030033,0.038608,0.058011
-0.0082311,0.010543,0.026391,0.024691,0.028045,0.030251,0.028821,0.038015,0.050495
-0.0048512,0.006698,0.01241,0.019504,0.033051,0.016505,0.034855,0.04328,0.058061
-0.011689,0.0041401,0.032931,0.013639,0.025939,0.032056,0.042155,0.049007,0.07485
0.003981,0.0034442,-0.0015187,0.015332,0.030094,0.023422,0.039493,0.055229,0.05911
0.013597,0.021726,-0.0030418,0.014807,0.014531,0.036603,0.053698,0.045516,0.052276
-0.0037865,0.0026001,0.024868,0.010295,0.014821,0.033809,0.029884,0.04788,0.060828
-0.0095378,-0.0011257,0.0053156,0.035866,0.024827,0.032539,0.020421,0.041818,0.056578
0.0014218,0.00052258,0.0018231,0.011075,0.01717,0.037334,0.041609,0.052639,0.058648
0.00042472,-0.0063417,0.013288,0.0076204,0.01495,0.047225,0.044679,0.038436,0.040893
0.012059,-0.0041951,0.010154,0.028565,0.01996,0.022566,0.042036,0.056013,0.055889
0.009146,0.00050846,0.015296,0.023826,0.022451,0.035313,0.037391,0.026593,0.051677
-0.00022112,0.0034181,-0.0008641,0.019875,0.0185,0.024638,0.034697,0.050472,0.041969
-0.0056367,0.0020281,0.015624,0.030778,0.030254,0.038567,0.035232,0.044015,0.058307
0.010701,0.01598,-0.0019757,0.017183,0.02969,0.022725,0.02402,0.030357,0.044141
0.0019858,0.010135,-0.0018678,0.0043241,0.0033158,0.022758,0.040502,0.050852,0.033776
0.01301,0.025679,0.0016188,0.021296,0.017453,0.039601,0.029249,0.039179,0.057863
0.013762,0.022429,-8.5183e-05,0.0072904,0.013273,0.024846,0.041453,0.041197,0.053707
-5.9119e-06,0.011857,0.011161,0.019625,0.021082,0.034575,0.026491,0.05249,0.051243
-0.001288,-0.0042264,0.021939,0.024858,0.0019991,0.033335,0.044787,0.044417,0.053073
-0.00058241,0.0032292,0.012698,0.022387,0.01341,0.028296,0.028482,0.034663,0.048001
0.0037593,0.005495,0.00045038,0.014335,0.011412,0.034034,0.038778,0.056716,0.062546
0.0030242,0.0035593,0.020307,0.0097083,0.024899,0.040369,0.033576,0.050536,0.041791
-0.00060928,0.0032957,0.0098018,0.011829,0.026484,0.043755,0.029893,0.045935,0.058518
-0.0016395,0.0017932,0.011203,0.015271,0.017092,0.030781,0.030832,0.048363,0.065967
-0.0063753,-0.0092787,0.0053827,0.025005,0.02505,0.034063,0.028714,0.043012,0.054578
-0.0031374,0.008651,0.016466,0.0062709,0.0425,0.027431,0.060619,0.049509,0.060035
0.0047209,0.0072888,0.022594,0.025156,0.038437,0.037923,0.038179,0.055959,0.030034
0.0018319,0.0053154,-2.1613e-06,0.0083013,0.028566,0.037581,0.033209,0.059676,0.041593
-0.0048547,0.011015,0.002536,0.00063543,0.018514,0.022637,0.033184,0.041925,0.051668
0.00072475,0.017435,0.014581,0.0074967,0.02409,0.02286,0.057279,0.040132,0.044328
0.0053542,0.0068832,0.015514,0.019305,0.034347,0.03935,0.04559,0.04794,0.047487
0.010135,-0.0010326,0.016371,0.024782,0.027914,0.047227,0.031434,0.053209,0.050704
-0.0013976,0.0012331,0.024112,0.016911,0.018047,0.022407,0.0358,0.054725,0.051654
0.0076838,0.012452,0.0091844,0.013567,0.039029,0.037535,0.024791,0.060612,0.059452
0.00012941,-0.020504,0.022786,0.011888,0.031471,0.023904,0.04027,0.050432,0.053925
0.014866,0.028538,0.010242,0.0091697,0.018293,0.019357,0.03932,0.046993,0.043652
0.0010503,0.012502,0.0047906,0.014593,0.028457,0.029697,0.0348,0.056872,0.051311
-0.0047801,0.025298,0.011532,0.014776,0.0079002,0.028942,0.034821,0.041879,0.044713
0.0068233,0.010498,0.022294,0.0093593,0.032777,0.038461,0.047325,0.062101,0.067062
0.0026905,0.0038744,-0.0050837,0.020395,0.015615,0.015243,0.03085,0.035462,0.050927
